time	species	protein	transcript	ribo_density
0	__protein1_rbs	0.0	0.0	0.0
0	__protein2_rbs	0.0	0.0	0.0
0	__protein3_rbs	0.0	0.0	0.0
0	__ribosome	100.0	0.0	0.0
0	__rnase_site_ext	0.0	0.0	0.0
0	p0	1.0	0.0	0.0
0	r2	0.0	0.0	0.0
0	rnapol	4.0	0.0	0.0
1	__protein1_rbs	0.0	0.0	0.0
1	__protein2_rbs	0.0	0.0	0.0
1	__protein3_rbs	0.0	0.0	0.0
1	__ribosome	100.0	0.0	0.0
1	__rnase_site_ext	0.75	0.0	0.0
1	p0	0.2	0.0	0.0
1	r2	0.0	0.0	0.0
1	rnapol	2.85	0.0	0.0
2	__protein1_rbs	0.3	0.0	0.0
2	__protein2_rbs	0.0	0.0	0.0
2	__protein3_rbs	0.0	0.0	0.0
2	__ribosome	99.85	0.0	0.0
2	__rnase_site_ext	1.35	0.0	0.0
2	p0	0.5	0.0	0.0
2	protein1	0.0	0.45	0.15
2	r2	0.0	0.0	0.0
2	rnapol	2.45	0.0	0.0
3	__protein1_rbs	0.2	0.0	0.0
3	__protein2_rbs	0.0	0.0	0.0
3	__protein3_rbs	0.0	0.0	0.0
3	__ribosome	99.1	0.0	0.0
3	__rnase_site_ext	1.85	0.0	0.0
3	p0	0.75	0.0	0.0
3	protein1	0.0	1.05	0.825
3	r2	0.0	0.0	0.0
3	rnapol	2.05	0.0	0.0
4	__protein1_rbs	0.6	0.0	0.0
4	__protein2_rbs	0.0	0.0	0.0
4	__protein3_rbs	0.0	0.0	0.0
4	__ribosome	98.0	0.0	0.0
4	__rnase_site_ext	2.0	0.0	0.0
4	p0	0.7	0.0	0.0
4	protein1	0.0	1.75	1.125
4	r2	0.0	0.0	0.0
4	rnapol	1.7	0.0	0.0
5	__protein1_rbs	0.55	0.0	0.0
5	__protein2_rbs	0.0	0.0	0.0
5	__protein3_rbs	0.0	0.0	0.0
5	__ribosome	96.55	0.0	0.0
5	__rnase_site_ext	2.55	0.0	0.0
5	p0	0.75	0.0	0.0
5	protein1	0.0	2.0	1.7333333
5	r2	0.0	0.0	0.0
5	rnapol	1.3	0.0	0.0
6	__protein1_rbs	1.1	0.0	0.0
6	__protein2_rbs	0.0	0.0	0.0
6	__protein3_rbs	0.0	0.0	0.0
6	__ribosome	95.25	0.0	0.0
6	__rnase_site_ext	2.8	0.0	0.0
6	p0	0.8	0.0	0.0
6	protein1	0.0	2.45	2.00000005
6	r2	0.0	0.0	0.0
6	rnapol	1.1	0.0	0.0
7	__protein1_rbs	1.05	0.0	0.0
7	__protein2_rbs	0.0	0.0	0.0
7	__protein3_rbs	0.0	0.0	0.0
7	__ribosome	93.9	0.0	0.0
7	__rnase_site_ext	3.05	0.0	0.0
7	p0	0.65	0.0	0.0
7	protein1	0.1	2.75	2.2499999
7	r2	0.0	0.0	0.0
7	rnapol	0.75	0.0	0.0
8	__protein1_rbs	0.85	0.0	0.0
8	__protein2_rbs	0.0	0.0	0.0
8	__protein3_rbs	0.0	0.0	0.0
8	__ribosome	92.5	0.0	0.0
8	__rnase_site_ext	3.4	0.0	0.0
8	p0	0.8	0.0	0.0
8	protein1	0.8	2.85	2.71250005
8	r2	0.0	0.0	0.0
8	rnapol	0.45	0.0	0.0
9	__protein1_rbs	1.05	0.0	0.0
9	__protein2_rbs	0.25	0.0	0.0
9	__protein3_rbs	0.0	0.0	0.0
9	__ribosome	91.45	0.0	0.0
9	__rnase_site_ext	3.55	0.0	0.0
9	p0	0.85	0.0	0.0
9	protein1	1.85	3.25	2.65000005
9	protein2	0.0	0.3	0.05
9	r2	0.0	0.0	0.0
9	rnapol	0.35	0.0	0.0
10	__protein1_rbs	1.05	0.0	0.0
10	__protein2_rbs	0.3	0.0	0.0
10	__protein3_rbs	0.0	0.0	0.0
10	__ribosome	90.15	0.0	0.0
10	__rnase_site_ext	3.65	0.0	0.0
10	p0	0.9	0.0	0.0
10	protein1	3.2	3.45	2.69166665
10	protein2	0.0	0.7	0.55
10	r2	0.0	0.0	0.0
10	rnapol	0.2	0.0	0.0
11	__protein1_rbs	1.4	0.0	0.0
11	__protein2_rbs	0.55	0.0	0.0
11	__protein3_rbs	0.0	0.0	0.0
11	__ribosome	88.15	0.0	0.0
11	__rnase_site_ext	3.6	0.0	0.0
11	p0	0.95	0.0	0.0
11	protein1	4.2	3.65	2.8416667
11	protein2	0.0	1.45	0.975
11	r2	0.0	0.0	0.0
11	rnapol	0.15	0.0	0.0
12	__protein1_rbs	1.0	0.0	0.0
12	__protein2_rbs	0.7	0.0	0.0
12	__protein3_rbs	0.0	0.0	0.0
12	__ribosome	86.55	0.0	0.0
12	__rnase_site_ext	3.6	0.0	0.0
12	p0	1.0	0.0	0.0
12	protein1	6.05	3.65	3.0
12	protein2	0.0	1.8	1.44166665
12	r2	0.0	0.0	0.0
12	rnapol	0.15	0.0	0.0
13	__protein1_rbs	1.35	0.0	0.0
13	__protein2_rbs	0.85	0.0	0.0
13	__protein3_rbs	0.0	0.0	0.0
13	__ribosome	84.5	0.0	0.0
13	__rnase_site_ext	3.6	0.0	0.0
13	p0	0.95	0.0	0.0
13	protein1	7.6	3.6	3.475
13	protein2	0.0	2.3	1.7666667
13	r2	0.0	0.0	0.0
13	rnapol	0.05	0.0	0.0
14	__protein1_rbs	1.5	0.0	0.0
14	__protein2_rbs	1.1	0.0	0.0
14	__protein3_rbs	0.0	0.0	0.0
14	__ribosome	83.25	0.0	0.0
14	__rnase_site_ext	3.55	0.0	0.0
14	p0	0.9	0.0	0.0
14	protein1	9.85	3.65	3.1374999500000005
14	protein2	0.2	2.7	2.075
14	r2	0.0	0.0	0.0
14	rnapol	0.1	0.0	0.0
15	__protein1_rbs	1.6	0.0	0.0
15	__protein2_rbs	0.8	0.0	0.0
15	__protein3_rbs	0.0	0.0	0.0
15	__ribosome	81.5	0.0	0.0
15	__rnase_site_ext	3.5	0.0	0.0
15	p0	0.9	0.0	0.0
15	protein1	11.85	3.65	3.2166667
15	protein2	0.65	2.85	2.5583333500000003
15	r2	0.05	0.0	0.0
15	rnapol	0.3	0.0	0.0
16	__protein1_rbs	0.8	0.0	0.0
16	__protein2_rbs	1.35	0.0	0.0
16	__protein3_rbs	0.0	0.0	0.0
16	__ribosome	80.5	0.0	0.0
16	__rnase_site_ext	3.65	0.0	0.0
16	p0	0.9	0.0	0.0
16	protein1	14.0	3.45	inf
16	protein2	1.6	3.15	2.4583334
16	r2	0.25	0.0	0.0
16	rnapol	0.5	0.0	0.0
17	__protein1_rbs	1.3	0.0	0.0
17	__protein2_rbs	1.25	0.0	0.0
17	__protein3_rbs	0.0	0.0	0.0
17	__ribosome	79.3	0.0	0.0
17	__rnase_site_ext	3.8	0.0	0.0
17	p0	0.8	0.0	0.0
17	protein1	16.35	3.55	inf
17	protein2	2.4	3.55	2.54999995
17	r2	0.35	0.0	0.0
17	rnapol	0.65	0.0	0.0
18	__protein1_rbs	1.25	0.0	0.0
18	__protein2_rbs	1.35	0.0	0.0
18	__protein3_rbs	0.05	0.0	0.0
18	__ribosome	78.4	0.0	0.0
18	__rnase_site_ext	3.9	0.0	0.0
18	p0	0.95	0.0	0.0
18	protein1	18.55	3.7	3.4808333000000005
18	protein2	4.2	3.6	2.6291666000000005
18	protein3	0.0	0.2	0.2
18	r2	0.65	0.0	0.0
18	rnapol	0.8	0.0	0.0
19	__protein1_rbs	1.65	0.0	0.0
19	__protein2_rbs	1.7	0.0	0.0
19	__protein3_rbs	0.2	0.0	0.0
19	__ribosome	77.6	0.0	0.0
19	__rnase_site_ext	4.0	0.0	0.0
19	p0	0.8	0.0	0.0
19	protein1	20.8	3.9	3.0141667
19	protein2	5.35	3.8	2.75416665
19	protein3	0.0	0.35	0.3
19	r2	0.8	0.0	0.0
19	rnapol	0.9	0.0	0.0
20	__protein1_rbs	1.4	0.0	0.0
20	__protein2_rbs	1.25	0.0	0.0
20	__protein3_rbs	0.4	0.0	0.0
20	__ribosome	76.45	0.0	0.0
20	__rnase_site_ext	4.1	0.0	0.0
20	p0	0.9	0.0	0.0
20	protein1	22.9	4.0	2.9925
20	protein2	7.25	3.85	2.8625
20	protein3	0.0	0.65	0.475
20	r2	0.95	0.0	0.0
20	rnapol	0.85	0.0	0.0
21	__protein1_rbs	1.55	0.0	0.0
21	__protein2_rbs	1.45	0.0	0.0
21	__protein3_rbs	0.5	0.0	0.0
21	__ribosome	75.3	0.0	0.0
21	__rnase_site_ext	4.35	0.0	0.0
21	p0	0.8	0.0	0.0
21	protein1	25.15	4.05	3.0333333
21	protein2	9.0	3.85	3.025
21	protein3	0.0	0.85	0.725
21	r2	1.0	0.0	0.0
21	rnapol	0.95	0.0	0.0
22	__protein1_rbs	1.45	0.0	0.0
22	__protein2_rbs	1.35	0.0	0.0
22	__protein3_rbs	0.15	0.0	0.0
22	__ribosome	73.7	0.0	0.0
22	__rnase_site_ext	4.55	0.0	0.0
22	p0	0.8	0.0	0.0
22	protein1	27.35	4.25	2.9516666500000004
22	protein2	11.05	3.85	3.15
22	protein3	0.1	0.95	1.225
22	r2	1.05	0.0	0.0
22	rnapol	0.9	0.0	0.0
23	__protein1_rbs	1.85	0.0	0.0
23	__protein2_rbs	1.5	0.0	0.0
23	__protein3_rbs	0.6	0.0	0.0
23	__ribosome	73.45	0.0	0.0
23	__rnase_site_ext	4.7	0.0	0.0
23	p0	0.8	0.0	0.0
23	protein1	30.0	4.5	2.7736905
23	protein2	13.25	4.0	3.06583335
23	protein3	0.2	1.0	1.45
23	r2	1.15	0.0	0.0
23	rnapol	1.05	0.0	0.0
24	__protein1_rbs	1.8	0.0	0.0
24	__protein2_rbs	1.55	0.0	0.0
24	__protein3_rbs	0.5	0.0	0.0
24	__ribosome	71.95	0.0	0.0
24	__rnase_site_ext	4.95	0.0	0.0
24	p0	0.65	0.0	0.0
24	protein1	31.9	4.7	2.8134523999999996
24	protein2	15.4	4.15	3.0758333499999995
24	protein3	0.35	1.1	1.7166666499999998
24	r2	1.2	0.0	0.0
24	rnapol	0.85	0.0	0.0
25	__protein1_rbs	2.0	0.0	0.0
25	__protein2_rbs	1.3	0.0	0.0
25	__protein3_rbs	0.3	0.0	0.0
25	__ribosome	70.6	0.0	0.0
25	__rnase_site_ext	5.35	0.0	0.0
25	p0	0.55	0.0	0.0
25	protein1	34.2	4.85	2.8284523999999998
25	protein2	17.9	4.25	3.055
25	protein3	0.55	1.15	2.1
25	r2	1.15	0.0	0.0
25	rnapol	0.7	0.0	0.0
26	__protein1_rbs	1.8	0.0	0.0
26	__protein2_rbs	1.55	0.0	0.0
26	__protein3_rbs	0.45	0.0	0.0
26	__ribosome	69.4	0.0	0.0
26	__rnase_site_ext	5.6	0.0	0.0
26	p0	0.7	0.0	0.0
26	protein1	37.0	5.2	2.76261905
26	protein2	20.25	4.3	3.2116666499999997
26	protein3	1.0	1.2	2.21666665
26	r2	1.2	0.0	0.0
26	rnapol	0.65	0.0	0.0
27	__protein1_rbs	1.95	0.0	0.0
27	__protein2_rbs	1.7	0.0	0.0
27	__protein3_rbs	0.35	0.0	0.0
27	__ribosome	68.35	0.0	0.0
27	__rnase_site_ext	5.75	0.0	0.0
27	p0	0.7	0.0	0.0
27	protein1	39.4	5.45	2.7970238000000003
27	protein2	22.7	4.45	3.1125000000000003
27	protein3	1.75	1.2	2.23333335
27	r2	1.2	0.0	0.0
27	rnapol	0.6	0.0	0.0
28	__protein1_rbs	2.2	0.0	0.0
28	__protein2_rbs	1.85	0.0	0.0
28	__protein3_rbs	0.6	0.0	0.0
28	__ribosome	67.4	0.0	0.0
28	__rnase_site_ext	5.9	0.0	0.0
28	p0	0.75	0.0	0.0
28	protein1	42.0	5.65	2.7268452
28	protein2	24.9	4.55	3.10583335
28	protein3	2.05	1.2	inf
28	r2	1.2	0.0	0.0
28	rnapol	0.5	0.0	0.0
29	__protein1_rbs	2.1	0.0	0.0
29	__protein2_rbs	1.9	0.0	0.0
29	__protein3_rbs	0.55	0.0	0.0
29	__ribosome	66.65	0.0	0.0
29	__rnase_site_ext	6.15	0.0	0.0
29	p0	0.85	0.0	0.0
29	protein1	44.35	5.9	2.8554167
29	protein2	27.7	4.6	2.92083335
29	protein3	2.75	1.2	inf
29	r2	1.2	0.0	0.0
29	rnapol	0.55	0.0	0.0
30	__protein1_rbs	3.1	0.0	0.0
30	__protein2_rbs	1.6	0.0	0.0
30	__protein3_rbs	0.55	0.0	0.0
30	__ribosome	66.2	0.0	0.0
30	__rnase_site_ext	6.45	0.0	0.0
30	p0	0.7	0.0	0.0
30	protein1	47.4	6.15	2.7091072
30	protein2	30.25	4.65	3.16916665
30	protein3	3.35	1.2	inf
30	r2	1.25	0.0	0.0
30	rnapol	0.35	0.0	0.0
31	__protein1_rbs	3.05	0.0	0.0
31	__protein2_rbs	1.65	0.0	0.0
31	__protein3_rbs	0.55	0.0	0.0
31	__ribosome	65.1	0.0	0.0
31	__rnase_site_ext	6.45	0.0	0.0
31	p0	0.85	0.0	0.0
31	protein1	50.4	6.3	2.71827385
31	protein2	32.45	4.75	3.2195238
31	protein3	4.15	1.2	inf
31	r2	1.3	0.0	0.0
31	rnapol	0.4	0.0	0.0
32	__protein1_rbs	2.3	0.0	0.0
32	__protein2_rbs	2.1	0.0	0.0
32	__protein3_rbs	0.45	0.0	0.0
32	__ribosome	64.1	0.0	0.0
32	__rnase_site_ext	6.4	0.0	0.0
32	p0	0.9	0.0	0.0
32	protein1	53.4	6.5	2.84823405
32	protein2	35.3	4.95	3.0963095000000003
32	protein3	4.95	1.25	2.1
32	r2	1.3	0.0	0.0
32	rnapol	0.4	0.0	0.0
33	__protein1_rbs	2.7	0.0	0.0
33	__protein2_rbs	2.8	0.0	0.0
33	__protein3_rbs	0.65	0.0	0.0
33	__ribosome	64.1	0.0	0.0
33	__rnase_site_ext	6.6	0.0	0.0
33	p0	0.9	0.0	0.0
33	protein1	56.65	6.45	2.929881
33	protein2	38.05	5.25	2.77345245
33	protein3	5.55	1.3	2.125
33	r2	1.35	0.0	0.0
33	rnapol	0.5	0.0	0.0
34	__protein1_rbs	2.3	0.0	0.0
34	__protein2_rbs	2.6	0.0	0.0
34	__protein3_rbs	0.6	0.0	0.0
34	__ribosome	63.55	0.0	0.0
34	__rnase_site_ext	6.8	0.0	0.0
34	p0	0.85	0.0	0.0
34	protein1	60.7	6.55	2.8942461
34	protein2	40.45	5.55	2.6340476
34	protein3	6.2	1.3	2.175
34	r2	1.35	0.0	0.0
34	rnapol	0.35	0.0	0.0
35	__protein1_rbs	2.8	0.0	0.0
35	__protein2_rbs	2.1	0.0	0.0
35	__protein3_rbs	0.9	0.0	0.0
35	__ribosome	62.55	0.0	0.0
35	__rnase_site_ext	6.8	0.0	0.0
35	p0	0.85	0.0	0.0
35	protein1	63.9	6.7	2.89063495
35	protein2	43.25	5.95	2.5630357999999998
35	protein3	6.8	1.35	1.94166665
35	r2	1.35	0.0	0.0
35	rnapol	0.5	0.0	0.0
36	__protein1_rbs	3.0	0.0	0.0
36	__protein2_rbs	2.6	0.0	0.0
36	__protein3_rbs	0.25	0.0	0.0
36	__ribosome	61.6	0.0	0.0
36	__rnase_site_ext	6.95	0.0	0.0
36	p0	0.8	0.0	0.0
36	protein1	67.2	6.8	2.9201389
36	protein2	46.5	6.2	2.4638689999999994
36	protein3	7.5	1.35	2.1833333500000003
36	r2	1.3	0.0	0.0
36	rnapol	0.3	0.0	0.0
37	__protein1_rbs	3.2	0.0	0.0
37	__protein2_rbs	3.0	0.0	0.0
37	__protein3_rbs	0.5	0.0	0.0
37	__ribosome	60.65	0.0	0.0
37	__rnase_site_ext	7.15	0.0	0.0
37	p0	0.85	0.0	0.0
37	protein1	71.05	6.9	2.8543849000000003
37	protein2	49.05	6.45	2.5311904499999995
37	protein3	8.25	1.35	2.1833333500000003
37	r2	1.25	0.0	0.0
37	rnapol	0.25	0.0	0.0
38	__protein1_rbs	3.1	0.0	0.0
38	__protein2_rbs	3.0	0.0	0.0
38	__protein3_rbs	0.65	0.0	0.0
38	__ribosome	59.4	0.0	0.0
38	__rnase_site_ext	7.15	0.0	0.0
38	p0	0.9	0.0	0.0
38	protein1	74.35	7.15	2.8269048000000003
38	protein2	51.7	6.55	2.5999405
38	protein3	9.0	1.35	2.1583333500000004
38	r2	1.35	0.0	0.0
38	rnapol	0.6	0.0	0.0
39	__protein1_rbs	3.65	0.0	0.0
39	__protein2_rbs	3.75	0.0	0.0
39	__protein3_rbs	0.85	0.0	0.0
39	__ribosome	59.85	0.0	0.0
39	__rnase_site_ext	7.2	0.0	0.0
39	p0	0.85	0.0	0.0
39	protein1	78.9	7.25	2.6403570500000004
39	protein2	54.6	6.8	2.5558333500000003
39	protein3	9.45	1.35	2.19166665
39	r2	1.4	0.0	0.0
39	rnapol	0.65	0.0	0.0
40	__protein1_rbs	3.05	0.0	0.0
40	__protein2_rbs	2.5	0.0	0.0
40	__protein3_rbs	0.5	0.0	0.0
40	__ribosome	58.45	0.0	0.0
40	__rnase_site_ext	7.1	0.0	0.0
40	p0	0.85	0.0	0.0
40	protein1	82.7	7.35	2.6496031500000004
40	protein2	57.9	7.0	2.6843254
40	protein3	10.25	1.35	2.16666665
40	r2	1.5	0.0	0.0
40	rnapol	0.8	0.0	0.0
41	__protein1_rbs	3.5	0.0	0.0
41	__protein2_rbs	3.15	0.0	0.0
41	__protein3_rbs	0.65	0.0	0.0
41	__ribosome	58.05	0.0	0.0
41	__rnase_site_ext	7.35	0.0	0.0
41	p0	0.75	0.0	0.0
41	protein1	86.25	7.1	2.7921825
41	protein2	61.1	6.9	2.7488095
41	protein3	11.1	1.4	2.0
41	r2	1.65	0.0	0.0
41	rnapol	0.75	0.0	0.0
42	__protein1_rbs	3.8	0.0	0.0
42	__protein2_rbs	2.8	0.0	0.0
42	__protein3_rbs	0.65	0.0	0.0
42	__ribosome	58.1	0.0	0.0
42	__rnase_site_ext	7.4	0.0	0.0
42	p0	0.75	0.0	0.0
42	protein1	89.85	7.3	2.65242605
42	protein2	64.7	7.1	2.7338294000000003
42	protein3	11.75	1.45	1.96666665
42	r2	1.65	0.0	0.0
42	rnapol	0.65	0.0	0.0
43	__protein1_rbs	3.35	0.0	0.0
43	__protein2_rbs	2.65	0.0	0.0
43	__protein3_rbs	0.75	0.0	0.0
43	__ribosome	57.3	0.0	0.0
43	__rnase_site_ext	7.55	0.0	0.0
43	p0	0.9	0.0	0.0
43	protein1	93.6	7.35	2.6424874500000004
43	protein2	68.3	7.2	2.8112896499999995
43	protein3	12.6	1.55	1.85000005
43	r2	1.7	0.0	0.0
43	rnapol	0.65	0.0	0.0
44	__protein1_rbs	3.5	0.0	0.0
44	__protein2_rbs	3.95	0.0	0.0
44	__protein3_rbs	0.9	0.0	0.0
44	__ribosome	57.85	0.0	0.0
44	__rnase_site_ext	7.75	0.0	0.0
44	p0	0.65	0.0	0.0
44	protein1	97.6	7.5	2.56714295
44	protein2	72.25	7.35	2.6773972
44	protein3	13.35	1.7	1.95833335
44	r2	1.7	0.0	0.0
44	rnapol	0.5	0.0	0.0
45	__protein1_rbs	3.45	0.0	0.0
45	__protein2_rbs	3.0	0.0	0.0
45	__protein3_rbs	0.65	0.0	0.0
45	__ribosome	56.65	0.0	0.0
45	__rnase_site_ext	8.2	0.0	0.0
45	p0	0.7	0.0	0.0
45	protein1	101.3	7.65	2.5852382000000005
45	protein2	75.95	7.5	2.64696075
45	protein3	13.75	1.7	2.33333335
45	r2	1.8	0.0	0.0
45	rnapol	0.35	0.0	0.0
46	__protein1_rbs	4.0	0.0	0.0
46	__protein2_rbs	3.15	0.0	0.0
46	__protein3_rbs	0.75	0.0	0.0
46	__ribosome	55.45	0.0	0.0
46	__rnase_site_ext	8.3	0.0	0.0
46	p0	0.85	0.0	0.0
46	protein1	105.2	8.05	2.4994247000000005
46	protein2	79.6	7.65	2.7149837000000003
46	protein3	14.5	1.75	2.26666665
46	r2	1.8	0.0	0.0
46	rnapol	0.4	0.0	0.0
47	__protein1_rbs	3.6	0.0	0.0
47	__protein2_rbs	3.6	0.0	0.0
47	__protein3_rbs	0.8	0.0	0.0
47	__ribosome	54.3	0.0	0.0
47	__rnase_site_ext	8.35	0.0	0.0
47	p0	0.85	0.0	0.0
47	protein1	108.85	8.15	2.5540513
47	protein2	83.45	7.75	2.70123915
47	protein3	15.2	1.8	2.3583333
47	r2	1.85	0.0	0.0
47	rnapol	0.35	0.0	0.0
48	__protein1_rbs	4.0	0.0	0.0
48	__protein2_rbs	3.95	0.0	0.0
48	__protein3_rbs	0.8	0.0	0.0
48	__ribosome	54.9	0.0	0.0
48	__rnase_site_ext	8.55	0.0	0.0
48	p0	0.8	0.0	0.0
48	protein1	112.6	8.3	2.5556925499999994
48	protein2	87.9	7.8	2.56525785
48	protein3	16.2	1.8	2.2333333
48	r2	1.9	0.0	0.0
48	rnapol	0.4	0.0	0.0
49	__protein1_rbs	3.7	0.0	0.0
49	__protein2_rbs	3.75	0.0	0.0
49	__protein3_rbs	0.7	0.0	0.0
49	__ribosome	52.45	0.0	0.0
49	__rnase_site_ext	8.6	0.0	0.0
49	p0	0.9	0.0	0.0
49	protein1	116.3	8.5	2.646821800000001
49	protein2	90.95	7.85	2.68242245
49	protein3	16.85	1.85	2.35833335
49	r2	2.0	0.0	0.0
49	rnapol	0.5	0.0	0.0
50	__protein1_rbs	4.2	0.0	0.0
50	__protein2_rbs	3.65	0.0	0.0
50	__protein3_rbs	0.6	0.0	0.0
50	__ribosome	52.45	0.0	0.0
50	__rnase_site_ext	8.55	0.0	0.0
50	p0	0.7	0.0	0.0
50	protein1	120.75	8.6	2.5702706
50	protein2	95.25	8.0	2.6107919
50	protein3	17.75	1.95	2.4125
50	r2	2.1	0.0	0.0
50	rnapol	0.3	0.0	0.0
51	__protein1_rbs	4.75	0.0	0.0
51	__protein2_rbs	3.7	0.0	0.0
51	__protein3_rbs	0.95	0.0	0.0
51	__ribosome	52.4	0.0	0.0
51	__rnase_site_ext	8.8	0.0	0.0
51	p0	0.8	0.0	0.0
51	protein1	124.5	8.55	2.58155845
51	protein2	99.4	8.35	2.54579005
51	protein3	18.7	2.0	2.2666667
51	r2	2.1	0.0	0.0
51	rnapol	0.4	0.0	0.0
52	__protein1_rbs	4.05	0.0	0.0
52	__protein2_rbs	4.05	0.0	0.0
52	__protein3_rbs	0.85	0.0	0.0
52	__ribosome	51.8	0.0	0.0
52	__rnase_site_ext	8.85	0.0	0.0
52	p0	0.95	0.0	0.0
52	protein1	129.3	8.75	2.4995508500000003
52	protein2	103.4	8.5	2.52909085
52	protein3	19.55	2.1	2.3708333500000003
52	r2	2.2	0.0	0.0
52	rnapol	0.6	0.0	0.0
53	__protein1_rbs	4.55	0.0	0.0
53	__protein2_rbs	4.35	0.0	0.0
53	__protein3_rbs	1.15	0.0	0.0
53	__ribosome	51.3	0.0	0.0
53	__rnase_site_ext	8.95	0.0	0.0
53	p0	0.7	0.0	0.0
53	protein1	133.3	8.9	2.49506605
53	protein2	107.45	8.7	2.4880249
53	protein3	20.6	2.15	2.3083333500000003
53	r2	2.15	0.0	0.0
53	rnapol	0.45	0.0	0.0
54	__protein1_rbs	4.45	0.0	0.0
54	__protein2_rbs	5.05	0.0	0.0
54	__protein3_rbs	0.8	0.0	0.0
54	__ribosome	50.95	0.0	0.0
54	__rnase_site_ext	9.15	0.0	0.0
54	p0	0.95	0.0	0.0
54	protein1	137.6	9.0	2.5101477500000007
54	protein2	111.35	9.05	2.367803
54	protein3	21.8	2.25	2.34166665
54	r2	2.15	0.0	0.0
54	rnapol	0.45	0.0	0.0
55	__protein1_rbs	4.5	0.0	0.0
55	__protein2_rbs	4.3	0.0	0.0
55	__protein3_rbs	0.95	0.0	0.0
55	__ribosome	49.95	0.0	0.0
55	__rnase_site_ext	9.1	0.0	0.0
55	p0	0.95	0.0	0.0
55	protein1	142.25	9.15	2.4754477
55	protein2	115.45	9.1	2.3947853500000003
55	protein3	22.75	2.2	inf
55	r2	2.15	0.0	0.0
55	rnapol	0.65	0.0	0.0
56	__protein1_rbs	4.45	0.0	0.0
56	__protein2_rbs	4.8	0.0	0.0
56	__protein3_rbs	1.2	0.0	0.0
56	__ribosome	49.4	0.0	0.0
56	__rnase_site_ext	9.35	0.0	0.0
56	p0	0.85	0.0	0.0
56	protein1	145.75	9.05	2.59198205
56	protein2	119.85	9.1	2.384794350000001
56	protein3	23.75	2.15	inf
56	r2	2.2	0.0	0.0
56	rnapol	0.55	0.0	0.0
57	__protein1_rbs	4.6	0.0	0.0
57	__protein2_rbs	4.5	0.0	0.0
57	__protein3_rbs	0.7	0.0	0.0
57	__ribosome	48.45	0.0	0.0
57	__rnase_site_ext	9.4	0.0	0.0
57	p0	0.85	0.0	0.0
57	protein1	150.25	9.45	2.53188125
57	protein2	124.1	9.05	2.4284993
57	protein3	24.9	2.15	inf
57	r2	2.25	0.0	0.0
57	rnapol	0.7	0.0	0.0
58	__protein1_rbs	4.25	0.0	0.0
58	__protein2_rbs	4.5	0.0	0.0
58	__protein3_rbs	0.9	0.0	0.0
58	__ribosome	47.6	0.0	0.0
58	__rnase_site_ext	9.5	0.0	0.0
58	p0	0.9	0.0	0.0
58	protein1	155.15	9.35	2.5768382
58	protein2	128.05	9.05	2.5056439
58	protein3	25.9	2.2	inf
58	r2	2.25	0.0	0.0
58	rnapol	0.95	0.0	0.0
59	__protein1_rbs	4.8	0.0	0.0
59	__protein2_rbs	4.7	0.0	0.0
59	__protein3_rbs	1.05	0.0	0.0
59	__ribosome	46.55	0.0	0.0
59	__rnase_site_ext	9.6	0.0	0.0
59	p0	0.65	0.0	0.0
59	protein1	159.45	9.45	2.5826213999999994
59	protein2	132.0	9.35	2.4916486
59	protein3	27.2	2.3	inf
59	r2	2.25	0.0	0.0
59	rnapol	0.9	0.0	0.0
60	__protein1_rbs	4.65	0.0	0.0
60	__protein2_rbs	4.95	0.0	0.0
60	__protein3_rbs	1.2	0.0	0.0
60	__ribosome	46.65	0.0	0.0
60	__rnase_site_ext	9.8	0.0	0.0
60	p0	0.9	0.0	0.0
60	protein1	164.35	9.6	2.5521911
60	protein2	136.7	9.4	2.44806275
60	protein3	28.25	2.3	2.2958333
60	r2	2.3	0.0	0.0
60	rnapol	0.85	0.0	0.0
61	__protein1_rbs	5.4	0.0	0.0
61	__protein2_rbs	4.7	0.0	0.0
61	__protein3_rbs	1.2	0.0	0.0
61	__ribosome	46.95	0.0	0.0
61	__rnase_site_ext	9.85	0.0	0.0
61	p0	0.9	0.0	0.0
61	protein1	169.05	9.8	2.45060975
61	protein2	141.05	9.5	2.4668898500000003
61	protein3	29.6	2.3	inf
61	r2	2.4	0.0	0.0
61	rnapol	0.6	0.0	0.0
62	__protein1_rbs	4.3	0.0	0.0
62	__protein2_rbs	4.9	0.0	0.0
62	__protein3_rbs	1.0	0.0	0.0
62	__ribosome	45.8	0.0	0.0
62	__rnase_site_ext	9.85	0.0	0.0
62	p0	0.85	0.0	0.0
62	protein1	173.45	9.8	2.5526041
62	protein2	145.6	9.55	2.46623085
62	protein3	30.75	2.35	inf
62	r2	2.45	0.0	0.0
62	rnapol	0.55	0.0	0.0
63	__protein1_rbs	5.2	0.0	0.0
63	__protein2_rbs	4.7	0.0	0.0
63	__protein3_rbs	1.0	0.0	0.0
63	__ribosome	45.75	0.0	0.0
63	__rnase_site_ext	10.05	0.0	0.0
63	p0	0.65	0.0	0.0
63	protein1	178.3	9.8	2.4985023500000003
63	protein2	149.95	9.7	2.4833241000000004
63	protein3	32.1	2.4	inf
63	r2	2.6	0.0	0.0
63	rnapol	0.45	0.0	0.0
64	__protein1_rbs	5.15	0.0	0.0
64	__protein2_rbs	5.1	0.0	0.0
64	__protein3_rbs	1.15	0.0	0.0
64	__ribosome	46.95	0.0	0.0
64	__rnase_site_ext	10.25	0.0	0.0
64	p0	0.85	0.0	0.0
64	protein1	183.95	10.05	2.3378954
64	protein2	154.55	9.8	2.4126990999999998
64	protein3	33.1	2.45	inf
64	r2	2.65	0.0	0.0
64	rnapol	0.65	0.0	0.0
65	__protein1_rbs	5.25	0.0	0.0
65	__protein2_rbs	5.1	0.0	0.0
65	__protein3_rbs	1.3	0.0	0.0
65	__ribosome	45.9	0.0	0.0
65	__rnase_site_ext	10.45	0.0	0.0
65	p0	0.8	0.0	0.0
65	protein1	188.15	10.25	2.36117745
65	protein2	159.4	10.0	2.3953935000000004
65	protein3	34.15	2.6	2.1375
65	r2	2.6	0.0	0.0
65	rnapol	0.55	0.0	0.0
66	__protein1_rbs	5.55	0.0	0.0
66	__protein2_rbs	5.15	0.0	0.0
66	__protein3_rbs	1.35	0.0	0.0
66	__ribosome	45.8	0.0	0.0
66	__rnase_site_ext	10.5	0.0	0.0
66	p0	0.85	0.0	0.0
66	protein1	192.95	10.4	2.33072435
66	protein2	163.85	10.1	2.3561403000000003
66	protein3	35.5	2.65	1.9758333
66	r2	2.6	0.0	0.0
66	rnapol	0.6	0.0	0.0
67	__protein1_rbs	5.35	0.0	0.0
67	__protein2_rbs	4.7	0.0	0.0
67	__protein3_rbs	1.0	0.0	0.0
67	__ribosome	44.85	0.0	0.0
67	__rnase_site_ext	10.7	0.0	0.0
67	p0	0.7	0.0	0.0
67	protein1	198.25	10.4	2.33876065
67	protein2	168.7	10.15	2.4093120000000003
67	protein3	36.65	2.7	2.05333335
67	r2	2.6	0.0	0.0
67	rnapol	0.6	0.0	0.0
68	__protein1_rbs	5.65	0.0	0.0
68	__protein2_rbs	5.0	0.0	0.0
68	__protein3_rbs	1.45	0.0	0.0
68	__ribosome	44.2	0.0	0.0
68	__rnase_site_ext	10.8	0.0	0.0
68	p0	0.95	0.0	0.0
68	protein1	202.75	10.65	2.3266812500000005
68	protein2	173.1	10.3	2.3986294500000005
68	protein3	37.9	2.6	2.135
68	r2	2.6	0.0	0.0
68	rnapol	0.7	0.0	0.0
69	__protein1_rbs	6.3	0.0	0.0
69	__protein2_rbs	5.05	0.0	0.0
69	__protein3_rbs	1.55	0.0	0.0
69	__ribosome	43.8	0.0	0.0
69	__rnase_site_ext	10.95	0.0	0.0
69	p0	0.75	0.0	0.0
69	protein1	207.35	10.8	2.293541200000001
69	protein2	177.6	10.5	2.4209648500000003
69	protein3	39.4	2.6	2.0925
69	r2	2.5	0.0	0.0
69	rnapol	0.45	0.0	0.0
70	__protein1_rbs	5.5	0.0	0.0
70	__protein2_rbs	5.15	0.0	0.0
70	__protein3_rbs	1.55	0.0	0.0
70	__ribosome	43.45	0.0	0.0
70	__rnase_site_ext	11.0	0.0	0.0
70	p0	0.8	0.0	0.0
70	protein1	212.45	10.8	2.3284970000000005
70	protein2	182.55	10.55	2.4267796
70	protein3	40.5	2.6	2.1375
70	r2	2.5	0.0	0.0
70	rnapol	0.6	0.0	0.0
71	__protein1_rbs	5.5	0.0	0.0
71	__protein2_rbs	6.4	0.0	0.0
71	__protein3_rbs	1.75	0.0	0.0
71	__ribosome	44.1	0.0	0.0
71	__rnase_site_ext	11.4	0.0	0.0
71	p0	0.8	0.0	0.0
71	protein1	217.3	11.0	2.3560339000000003
71	protein2	187.2	10.5	2.3758355
71	protein3	42.05	2.6	2.0333333
71	r2	2.6	0.0	0.0
71	rnapol	0.55	0.0	0.0
72	__protein1_rbs	5.45	0.0	0.0
72	__protein2_rbs	5.3	0.0	0.0
72	__protein3_rbs	1.4	0.0	0.0
72	__ribosome	43.45	0.0	0.0
72	__rnase_site_ext	11.55	0.0	0.0
72	p0	0.75	0.0	0.0
72	protein1	222.55	11.35	2.3271901
72	protein2	192.45	10.8	2.33618585
72	protein3	43.5	2.5	1.96833335
72	r2	2.75	0.0	0.0
72	rnapol	0.45	0.0	0.0
73	__protein1_rbs	6.25	0.0	0.0
73	__protein2_rbs	5.8	0.0	0.0
73	__protein3_rbs	1.45	0.0	0.0
73	__ribosome	42.6	0.0	0.0
73	__rnase_site_ext	11.55	0.0	0.0
73	p0	0.95	0.0	0.0
73	protein1	227.15	11.5	2.3386657000000004
73	protein2	197.3	11.05	2.31657035
73	protein3	44.7	2.65	1.8058334000000005
73	r2	2.65	0.0	0.0
73	rnapol	0.5	0.0	0.0
74	__protein1_rbs	6.75	0.0	0.0
74	__protein2_rbs	5.8	0.0	0.0
74	__protein3_rbs	1.4	0.0	0.0
74	__ribosome	42.25	0.0	0.0
74	__rnase_site_ext	11.5	0.0	0.0
74	p0	0.8	0.0	0.0
74	protein1	232.0	11.55	2.3358644500000003
74	protein2	202.7	10.95	2.35473955
74	protein3	45.75	2.75	1.82333335
74	r2	2.7	0.0	0.0
74	rnapol	0.6	0.0	0.0
75	__protein1_rbs	5.95	0.0	0.0
75	__protein2_rbs	6.05	0.0	0.0
75	__protein3_rbs	1.35	0.0	0.0
75	__ribosome	41.45	0.0	0.0
75	__rnase_site_ext	11.45	0.0	0.0
75	p0	0.8	0.0	0.0
75	protein1	237.2	11.6	2.3551884000000003
75	protein2	207.75	11.2	2.35130545
75	protein3	47.0	2.75	1.89666665
75	r2	2.75	0.0	0.0
75	rnapol	0.45	0.0	0.0
76	__protein1_rbs	6.4	0.0	0.0
76	__protein2_rbs	6.2	0.0	0.0
76	__protein3_rbs	1.35	0.0	0.0
76	__ribosome	40.4	0.0	0.0
76	__rnase_site_ext	11.45	0.0	0.0
76	p0	0.9	0.0	0.0
76	protein1	242.35	11.45	2.39869145
76	protein2	212.25	11.35	2.37218905
76	protein3	47.95	2.75	2.0383332999999997
76	r2	2.8	0.0	0.0
76	rnapol	0.35	0.0	0.0
77	__protein1_rbs	5.8	0.0	0.0
77	__protein2_rbs	5.9	0.0	0.0
77	__protein3_rbs	1.55	0.0	0.0
77	__ribosome	40.5	0.0	0.0
77	__rnase_site_ext	11.5	0.0	0.0
77	p0	0.8	0.0	0.0
77	protein1	248.3	11.45	2.34844195
77	protein2	217.5	11.45	2.3617841
77	protein3	49.0	2.8	2.01916675
77	r2	2.8	0.0	0.0
77	rnapol	0.3	0.0	0.0
78	__protein1_rbs	6.2	0.0	0.0
78	__protein2_rbs	7.05	0.0	0.0
78	__protein3_rbs	1.45	0.0	0.0
78	__ribosome	40.4	0.0	0.0
78	__rnase_site_ext	11.55	0.0	0.0
78	p0	0.9	0.0	0.0
78	protein1	253.4	11.4	2.3807626500000003
78	protein2	222.85	11.7	2.28547585
78	protein3	49.9	2.75	2.23
78	r2	2.8	0.0	0.0
78	rnapol	0.6	0.0	0.0
79	__protein1_rbs	5.6	0.0	0.0
79	__protein2_rbs	6.1	0.0	0.0
79	__protein3_rbs	1.6	0.0	0.0
79	__ribosome	39.95	0.0	0.0
79	__rnase_site_ext	11.65	0.0	0.0
79	p0	0.7	0.0	0.0
79	protein1	259.05	11.55	2.3575361
79	protein2	228.45	11.8	2.291397
79	protein3	51.15	2.85	2.15250005
79	r2	2.8	0.0	0.0
79	rnapol	0.55	0.0	0.0
80	__protein1_rbs	6.55	0.0	0.0
80	__protein2_rbs	7.3	0.0	0.0
80	__protein3_rbs	1.1	0.0	0.0
80	__ribosome	40.75	0.0	0.0
80	__rnase_site_ext	11.95	0.0	0.0
80	p0	0.75	0.0	0.0
80	protein1	264.4	11.5	2.31061595
80	protein2	233.5	12.2	2.21284985
80	protein3	52.85	2.85	2.15166665
80	r2	2.8	0.0	0.0
80	rnapol	0.5	0.0	0.0
81	__protein1_rbs	6.55	0.0	0.0
81	__protein2_rbs	6.7	0.0	0.0
81	__protein3_rbs	1.4	0.0	0.0
81	__ribosome	39.7	0.0	0.0
81	__rnase_site_ext	11.85	0.0	0.0
81	p0	0.8	0.0	0.0
81	protein1	269.4	11.9	2.2443883
81	protein2	238.45	12.05	2.24471855
81	protein3	53.8	2.85	2.3641667
81	r2	2.8	0.0	0.0
81	rnapol	0.45	0.0	0.0
82	__protein1_rbs	6.25	0.0	0.0
82	__protein2_rbs	6.25	0.0	0.0
82	__protein3_rbs	1.5	0.0	0.0
82	__ribosome	38.75	0.0	0.0
82	__rnase_site_ext	12.1	0.0	0.0
82	p0	0.75	0.0	0.0
82	protein1	274.6	11.9	2.31115465
82	protein2	244.05	12.0	2.27650845
82	protein3	55.25	2.85	2.34333335
82	r2	2.9	0.0	0.0
82	rnapol	0.5	0.0	0.0
83	__protein1_rbs	6.65	0.0	0.0
83	__protein2_rbs	7.05	0.0	0.0
83	__protein3_rbs	1.5	0.0	0.0
83	__ribosome	40.4	0.0	0.0
83	__rnase_site_ext	12.05	0.0	0.0
83	p0	0.8	0.0	0.0
83	protein1	280.65	11.95	2.23890665
83	protein2	249.75	12.15	2.16873275
83	protein3	56.6	2.85	2.425
83	r2	2.85	0.0	0.0
83	rnapol	0.65	0.0	0.0
84	__protein1_rbs	7.3	0.0	0.0
84	__protein2_rbs	5.5	0.0	0.0
84	__protein3_rbs	1.5	0.0	0.0
84	__ribosome	38.85	0.0	0.0
84	__rnase_site_ext	11.95	0.0	0.0
84	p0	0.95	0.0	0.0
84	protein1	285.7	12.1	2.2040019
84	protein2	255.4	12.35	2.25564795
84	protein3	57.55	2.85	2.44583335
84	r2	2.8	0.0	0.0
84	rnapol	0.7	0.0	0.0
85	__protein1_rbs	6.55	0.0	0.0
85	__protein2_rbs	7.4	0.0	0.0
85	__protein3_rbs	1.7	0.0	0.0
85	__ribosome	39.05	0.0	0.0
85	__rnase_site_ext	12.1	0.0	0.0
85	p0	0.75	0.0	0.0
85	protein1	291.0	12.05	2.237922
85	protein2	260.4	12.55	2.215855800000001
85	protein3	59.3	2.9	2.2841667
85	r2	2.85	0.0	0.0
85	rnapol	0.65	0.0	0.0
86	__protein1_rbs	6.6	0.0	0.0
86	__protein2_rbs	7.0	0.0	0.0
86	__protein3_rbs	1.5	0.0	0.0
86	__ribosome	39.05	0.0	0.0
86	__rnase_site_ext	12.35	0.0	0.0
86	p0	0.75	0.0	0.0
86	protein1	296.35	12.1	2.2664671000000007
86	protein2	265.95	12.6	2.2056309000000005
86	protein3	60.95	2.85	2.20083335
86	r2	3.0	0.0	0.0
86	rnapol	0.6	0.0	0.0
87	__protein1_rbs	7.0	0.0	0.0
87	__protein2_rbs	7.3	0.0	0.0
87	__protein3_rbs	1.6	0.0	0.0
87	__ribosome	38.3	0.0	0.0
87	__rnase_site_ext	12.4	0.0	0.0
87	p0	0.9	0.0	0.0
87	protein1	301.75	12.2	2.23484765
87	protein2	270.75	12.75	2.2429656
87	protein3	62.3	2.95	2.155
87	r2	3.0	0.0	0.0
87	rnapol	0.5	0.0	0.0
88	__protein1_rbs	7.25	0.0	0.0
88	__protein2_rbs	7.75	0.0	0.0
88	__protein3_rbs	1.85	0.0	0.0
88	__ribosome	38.95	0.0	0.0
88	__rnase_site_ext	12.3	0.0	0.0
88	p0	0.95	0.0	0.0
88	protein1	307.15	12.4	2.1681465500000003
88	protein2	276.2	12.9	2.198045
88	protein3	63.55	3.1	2.0541667
88	r2	3.05	0.0	0.0
88	rnapol	0.6	0.0	0.0
89	__protein1_rbs	6.5	0.0	0.0
89	__protein2_rbs	7.8	0.0	0.0
89	__protein3_rbs	1.75	0.0	0.0
89	__ribosome	38.75	0.0	0.0
89	__rnase_site_ext	12.4	0.0	0.0
89	p0	0.7	0.0	0.0
89	protein1	312.05	12.35	2.25780225
89	protein2	282.55	13.15	2.09779215
89	protein3	65.1	3.05	2.00499995
89	r2	3.15	0.0	0.0
89	rnapol	0.5	0.0	0.0
90	__protein1_rbs	6.95	0.0	0.0
90	__protein2_rbs	7.3	0.0	0.0
90	__protein3_rbs	1.65	0.0	0.0
90	__ribosome	37.6	0.0	0.0
90	__rnase_site_ext	12.75	0.0	0.0
90	p0	0.85	0.0	0.0
90	protein1	317.7	12.4	2.2597146
90	protein2	287.8	13.1	2.1774597
90	protein3	66.3	3.1	2.02499995
90	r2	3.1	0.0	0.0
90	rnapol	0.5	0.0	0.0
91	__protein1_rbs	7.0	0.0	0.0
91	__protein2_rbs	7.45	0.0	0.0
91	__protein3_rbs	2.35	0.0	0.0
91	__ribosome	37.85	0.0	0.0
91	__rnase_site_ext	12.75	0.0	0.0
91	p0	0.65	0.0	0.0
91	protein1	323.55	12.7	2.2204179500000003
91	protein2	293.6	13.05	2.17335845
91	protein3	67.6	3.15	1.8541667000000002
91	r2	3.1	0.0	0.0
91	rnapol	0.35	0.0	0.0
92	__protein1_rbs	7.0	0.0	0.0
92	__protein2_rbs	7.75	0.0	0.0
92	__protein3_rbs	1.55	0.0	0.0
92	__ribosome	37.7	0.0	0.0
92	__rnase_site_ext	12.7	0.0	0.0
92	p0	0.9	0.0	0.0
92	protein1	328.75	12.75	2.23811655
92	protein2	299.35	13.15	2.128794
92	protein3	68.9	3.15	1.91416675
92	r2	3.15	0.0	0.0
92	rnapol	0.35	0.0	0.0
93	__protein1_rbs	6.95	0.0	0.0
93	__protein2_rbs	6.9	0.0	0.0
93	__protein3_rbs	2.05	0.0	0.0
93	__ribosome	37.3	0.0	0.0
93	__rnase_site_ext	12.9	0.0	0.0
93	p0	0.75	0.0	0.0
93	protein1	334.0	12.7	2.23873945
93	protein2	305.1	12.95	2.19347985
93	protein3	70.3	3.1	1.9366666500000005
93	r2	3.15	0.0	0.0
93	rnapol	0.5	0.0	0.0
94	__protein1_rbs	7.6	0.0	0.0
94	__protein2_rbs	7.15	0.0	0.0
94	__protein3_rbs	1.8	0.0	0.0
94	__ribosome	37.5	0.0	0.0
94	__rnase_site_ext	13.0	0.0	0.0
94	p0	0.85	0.0	0.0
94	protein1	339.75	12.85	2.1713455
94	protein2	310.7	13.1	2.1942573000000003
94	protein3	71.45	3.1	2.01
94	r2	3.25	0.0	0.0
94	rnapol	0.55	0.0	0.0
95	__protein1_rbs	7.5	0.0	0.0
95	__protein2_rbs	7.25	0.0	0.0
95	__protein3_rbs	1.8	0.0	0.0
95	__ribosome	37.75	0.0	0.0
95	__rnase_site_ext	13.05	0.0	0.0
95	p0	0.9	0.0	0.0
95	protein1	345.45	13.0	2.13718925
95	protein2	316.5	13.25	2.17502645
95	protein3	72.9	3.15	1.9233333
95	r2	3.15	0.0	0.0
95	rnapol	0.7	0.0	0.0
96	__protein1_rbs	7.45	0.0	0.0
96	__protein2_rbs	7.6	0.0	0.0
96	__protein3_rbs	1.55	0.0	0.0
96	__ribosome	37.2	0.0	0.0
96	__rnase_site_ext	13.0	0.0	0.0
96	p0	0.75	0.0	0.0
96	protein1	351.45	13.05	2.0919583999999998
96	protein2	322.15	13.45	2.1527173500000005
96	protein3	73.9	3.2	2.2291667
96	r2	3.15	0.0	0.0
96	rnapol	0.65	0.0	0.0
97	__protein1_rbs	7.8	0.0	0.0
97	__protein2_rbs	7.7	0.0	0.0
97	__protein3_rbs	1.9	0.0	0.0
97	__ribosome	36.6	0.0	0.0
97	__rnase_site_ext	13.05	0.0	0.0
97	p0	0.95	0.0	0.0
97	protein1	356.65	13.05	2.10869155
97	protein2	327.7	13.35	2.2326217999999995
97	protein3	75.4	3.2	2.13416665
97	r2	3.15	0.0	0.0
97	rnapol	0.65	0.0	0.0
98	__protein1_rbs	7.5	0.0	0.0
98	__protein2_rbs	7.2	0.0	0.0
98	__protein3_rbs	1.85	0.0	0.0
98	__ribosome	36.1	0.0	0.0
98	__rnase_site_ext	13.15	0.0	0.0
98	p0	0.75	0.0	0.0
98	protein1	362.3	13.15	2.0947536
98	protein2	333.4	13.65	2.2346664
98	protein3	76.65	3.15	inf
98	r2	3.15	0.0	0.0
98	rnapol	0.45	0.0	0.0
99	__protein1_rbs	7.5	0.0	0.0
99	__protein2_rbs	7.35	0.0	0.0
99	__protein3_rbs	1.7	0.0	0.0
99	__ribosome	36.0	0.0	0.0
99	__rnase_site_ext	13.25	0.0	0.0
99	p0	0.85	0.0	0.0
99	protein1	367.95	13.05	2.0923975500000003
99	protein2	339.85	13.75	2.22732595
99	protein3	77.9	3.2	inf
99	r2	3.25	0.0	0.0
99	rnapol	0.5	0.0	0.0
100	__protein1_rbs	7.35	0.0	0.0
100	__protein2_rbs	8.25	0.0	0.0
100	__protein3_rbs	1.9	0.0	0.0
100	__ribosome	35.75	0.0	0.0
100	__rnase_site_ext	13.4	0.0	0.0
100	p0	0.75	0.0	0.0
100	protein1	373.45	13.2	2.07632495
100	protein2	345.1	13.7	2.2353685000000003
100	protein3	79.4	3.15	inf
100	r2	3.2	0.0	0.0
100	rnapol	0.5	0.0	0.0
101	__protein1_rbs	6.9	0.0	0.0
101	__protein2_rbs	7.65	0.0	0.0
101	__protein3_rbs	1.85	0.0	0.0
101	__ribosome	34.65	0.0	0.0
101	__rnase_site_ext	13.45	0.0	0.0
101	p0	0.9	0.0	0.0
101	protein1	378.65	13.35	2.14565175
101	protein2	351.45	13.9	2.2200674000000005
101	protein3	80.95	3.2	inf
101	r2	3.2	0.0	0.0
101	rnapol	0.6	0.0	0.0
102	__protein1_rbs	8.2	0.0	0.0
102	__protein2_rbs	8.6	0.0	0.0
102	__protein3_rbs	2.0	0.0	0.0
102	__ribosome	34.75	0.0	0.0
102	__rnase_site_ext	13.5	0.0	0.0
102	p0	0.95	0.0	0.0
102	protein1	384.0	13.45	2.1277956000000002
102	protein2	356.9	13.9	2.2079985
102	protein3	82.15	3.2	inf
102	r2	3.2	0.0	0.0
102	rnapol	0.7	0.0	0.0
103	__protein1_rbs	7.7	0.0	0.0
103	__protein2_rbs	8.0	0.0	0.0
103	__protein3_rbs	1.6	0.0	0.0
103	__ribosome	34.45	0.0	0.0
103	__rnase_site_ext	13.45	0.0	0.0
103	p0	0.65	0.0	0.0
103	protein1	389.25	13.55	2.1686577499999995
103	protein2	363.7	13.75	2.18342485
103	protein3	83.4	3.25	1.8916666000000002
103	r2	3.25	0.0	0.0
103	rnapol	0.5	0.0	0.0
104	__protein1_rbs	7.8	0.0	0.0
104	__protein2_rbs	8.55	0.0	0.0
104	__protein3_rbs	1.8	0.0	0.0
104	__ribosome	35.15	0.0	0.0
104	__rnase_site_ext	13.65	0.0	0.0
104	p0	0.8	0.0	0.0
104	protein1	394.95	13.4	2.1906836
104	protein2	370.0	14.0	2.11100515
104	protein3	85.05	3.25	1.8433333
104	r2	3.2	0.0	0.0
104	rnapol	0.55	0.0	0.0
105	__protein1_rbs	7.5	0.0	0.0
105	__protein2_rbs	8.4	0.0	0.0
105	__protein3_rbs	1.95	0.0	0.0
105	__ribosome	35.6	0.0	0.0
105	__rnase_site_ext	13.4	0.0	0.0
105	p0	0.9	0.0	0.0
105	protein1	401.1	13.5	2.1719675999999994
105	protein2	376.3	14.2	2.0342057
105	protein3	86.05	3.25	1.91583335
105	r2	3.2	0.0	0.0
105	rnapol	0.8	0.0	0.0
106	__protein1_rbs	7.7	0.0	0.0
106	__protein2_rbs	7.8	0.0	0.0
106	__protein3_rbs	2.1	0.0	0.0
106	__ribosome	35.2	0.0	0.0
106	__rnase_site_ext	13.6	0.0	0.0
106	p0	0.85	0.0	0.0
106	protein1	407.45	13.4	2.1887976000000005
106	protein2	382.1	14.35	2.0626468
106	protein3	87.5	3.35	1.92916665
106	r2	3.1	0.0	0.0
106	rnapol	0.7	0.0	0.0
107	__protein1_rbs	7.5	0.0	0.0
107	__protein2_rbs	8.75	0.0	0.0
107	__protein3_rbs	1.9	0.0	0.0
107	__ribosome	34.4	0.0	0.0
107	__rnase_site_ext	13.6	0.0	0.0
107	p0	0.75	0.0	0.0
107	protein1	412.65	13.5	2.2228698499999995
107	protein2	387.9	14.5	2.0300212
107	protein3	88.75	3.25	2.02583335
107	r2	3.15	0.0	0.0
107	rnapol	0.5	0.0	0.0
108	__protein1_rbs	8.15	0.0	0.0
108	__protein2_rbs	8.3	0.0	0.0
108	__protein3_rbs	2.2	0.0	0.0
108	__ribosome	35.5	0.0	0.0
108	__rnase_site_ext	13.55	0.0	0.0
108	p0	0.9	0.0	0.0
108	protein1	418.8	13.5	2.1779259
108	protein2	394.05	14.45	2.0331613999999996
108	protein3	90.4	3.15	1.8241667000000001
108	r2	3.25	0.0	0.0
108	rnapol	0.65	0.0	0.0
109	__protein1_rbs	7.5	0.0	0.0
109	__protein2_rbs	7.8	0.0	0.0
109	__protein3_rbs	1.75	0.0	0.0
109	__ribosome	33.55	0.0	0.0
109	__rnase_site_ext	13.65	0.0	0.0
109	p0	0.8	0.0	0.0
109	protein1	424.65	13.55	2.221453
109	protein2	399.95	14.45	2.1289412999999997
109	protein3	91.8	3.2	1.8008332500000002
109	r2	3.3	0.0	0.0
109	rnapol	0.75	0.0	0.0
110	__protein1_rbs	8.05	0.0	0.0
110	__protein2_rbs	8.75	0.0	0.0
110	__protein3_rbs	2.05	0.0	0.0
110	__ribosome	34.6	0.0	0.0
110	__rnase_site_ext	13.55	0.0	0.0
110	p0	0.85	0.0	0.0
110	protein1	431.1	13.65	2.12020765
110	protein2	405.7	14.45	2.1290100500000007
110	protein3	93.15	3.25	1.835
110	r2	3.2	0.0	0.0
110	rnapol	0.9	0.0	0.0
111	__protein1_rbs	8.75	0.0	0.0
111	__protein2_rbs	7.95	0.0	0.0
111	__protein3_rbs	1.7	0.0	0.0
111	__ribosome	33.3	0.0	0.0
111	__rnase_site_ext	13.65	0.0	0.0
111	p0	0.7	0.0	0.0
111	protein1	436.95	13.6	2.07527
111	protein2	411.35	14.55	2.2167096500000003
111	protein3	94.25	3.3	1.96166665
111	r2	3.15	0.0	0.0
111	rnapol	0.95	0.0	0.0
112	__protein1_rbs	8.05	0.0	0.0
112	__protein2_rbs	9.0	0.0	0.0
112	__protein3_rbs	2.0	0.0	0.0
112	__ribosome	34.45	0.0	0.0
112	__rnase_site_ext	13.6	0.0	0.0
112	p0	0.75	0.0	0.0
112	protein1	443.05	13.6	2.04716545
112	protein2	417.6	14.7	2.16113335
112	protein3	96.0	3.25	1.87833335
112	r2	3.15	0.0	0.0
112	rnapol	0.95	0.0	0.0
113	__protein1_rbs	8.15	0.0	0.0
113	__protein2_rbs	8.1	0.0	0.0
113	__protein3_rbs	2.15	0.0	0.0
113	__ribosome	34.75	0.0	0.0
113	__rnase_site_ext	13.8	0.0	0.0
113	p0	0.9	0.0	0.0
113	protein1	448.8	13.7	2.0330400000000006
113	protein2	424.55	14.55	2.1638773
113	protein3	97.0	3.15	1.90083335
113	r2	3.0	0.0	0.0
113	rnapol	0.9	0.0	0.0
114	__protein1_rbs	7.95	0.0	0.0
114	__protein2_rbs	8.6	0.0	0.0
114	__protein3_rbs	2.05	0.0	0.0
114	__ribosome	35.25	0.0	0.0
114	__rnase_site_ext	13.9	0.0	0.0
114	p0	0.75	0.0	0.0
114	protein1	454.65	13.75	2.0319114500000004
114	protein2	430.7	14.6	2.15789145
114	protein3	98.75	3.15	1.7833333500000002
114	r2	3.0	0.0	0.0
114	rnapol	0.8	0.0	0.0
115	__protein1_rbs	7.8	0.0	0.0
115	__protein2_rbs	8.5	0.0	0.0
115	__protein3_rbs	1.75	0.0	0.0
115	__ribosome	34.85	0.0	0.0
115	__rnase_site_ext	14.15	0.0	0.0
115	p0	0.8	0.0	0.0
115	protein1	460.75	13.8	1.9985689
115	protein2	437.1	14.75	2.16555255
115	protein3	100.05	3.1	1.86083335
115	r2	3.1	0.0	0.0
115	rnapol	0.8	0.0	0.0
116	__protein1_rbs	8.35	0.0	0.0
116	__protein2_rbs	8.7	0.0	0.0
116	__protein3_rbs	1.85	0.0	0.0
116	__ribosome	33.35	0.0	0.0
116	__rnase_site_ext	14.25	0.0	0.0
116	p0	0.65	0.0	0.0
116	protein1	465.15	14.0	2.07273705
116	protein2	443.3	14.85	2.1665755999999994
116	protein3	101.45	3.0	inf
116	r2	2.8	0.0	0.0
116	rnapol	0.75	0.0	0.0
117	__protein1_rbs	8.25	0.0	0.0
117	__protein2_rbs	9.2	0.0	0.0
117	__protein3_rbs	1.9	0.0	0.0
117	__ribosome	35.05	0.0	0.0
117	__rnase_site_ext	14.5	0.0	0.0
117	p0	0.8	0.0	0.0
117	protein1	471.85	14.25	1.9900206999999999
117	protein2	449.65	14.95	2.1055310999999994
117	protein3	102.9	3.15	inf
117	r2	2.75	0.0	0.0
117	rnapol	0.65	0.0	0.0
118	__protein1_rbs	8.2	0.0	0.0
118	__protein2_rbs	8.5	0.0	0.0
118	__protein3_rbs	1.85	0.0	0.0
118	__ribosome	33.7	0.0	0.0
118	__rnase_site_ext	14.5	0.0	0.0
118	p0	0.8	0.0	0.0
118	protein1	476.85	14.4	2.04217155
118	protein2	456.25	15.0	2.086354
118	protein3	104.05	3.0	inf
118	r2	2.85	0.0	0.0
118	rnapol	0.55	0.0	0.0
119	__protein1_rbs	7.8	0.0	0.0
119	__protein2_rbs	9.2	0.0	0.0
119	__protein3_rbs	1.85	0.0	0.0
119	__ribosome	33.3	0.0	0.0
119	__rnase_site_ext	14.6	0.0	0.0
119	p0	0.95	0.0	0.0
119	protein1	482.4	14.5	2.1081646000000003
119	protein2	462.75	14.8	2.06709165
119	protein3	105.15	2.9	1.9841667
119	r2	2.85	0.0	0.0
119	rnapol	0.55	0.0	0.0
120	__protein1_rbs	9.0	0.0	0.0
120	__protein2_rbs	8.95	0.0	0.0
120	__protein3_rbs	1.9	0.0	0.0
120	__ribosome	34.6	0.0	0.0
120	__rnase_site_ext	14.65	0.0	0.0
120	p0	0.85	0.0	0.0
120	protein1	488.6	14.6	2.05632165
120	protein2	469.25	15.0	2.00417865
120	protein3	106.55	2.9	1.9283333
120	r2	2.8	0.0	0.0
120	rnapol	0.55	0.0	0.0
121	__protein1_rbs	8.4	0.0	0.0
121	__protein2_rbs	9.1	0.0	0.0
121	__protein3_rbs	1.85	0.0	0.0
121	__ribosome	34.55	0.0	0.0
121	__rnase_site_ext	14.8	0.0	0.0
121	p0	0.75	0.0	0.0
121	protein1	494.75	14.7	2.06820615
121	protein2	475.65	15.05	1.9955145
121	protein3	107.7	2.85	1.9566667000000002
121	r2	2.9	0.0	0.0
121	rnapol	0.6	0.0	0.0
122	__protein1_rbs	8.45	0.0	0.0
122	__protein2_rbs	9.4	0.0	0.0
122	__protein3_rbs	1.5	0.0	0.0
122	__ribosome	33.2	0.0	0.0
122	__rnase_site_ext	14.65	0.0	0.0
122	p0	0.95	0.0	0.0
122	protein1	500.45	14.7	2.12882615
122	protein2	481.3	14.95	2.03126925
122	protein3	108.95	2.9	1.91916665
122	r2	2.85	0.0	0.0
122	rnapol	0.6	0.0	0.0
123	__protein1_rbs	9.3	0.0	0.0
123	__protein2_rbs	9.0	0.0	0.0
123	__protein3_rbs	1.7	0.0	0.0
123	__ribosome	34.45	0.0	0.0
123	__rnase_site_ext	14.8	0.0	0.0
123	p0	0.85	0.0	0.0
123	protein1	506.55	14.85	2.08709195
123	protein2	488.3	15.15	1.9362506000000002
123	protein3	110.25	2.9	2.0366667
123	r2	2.85	0.0	0.0
123	rnapol	0.55	0.0	0.0
124	__protein1_rbs	8.2	0.0	0.0
124	__protein2_rbs	9.4	0.0	0.0
124	__protein3_rbs	1.5	0.0	0.0
124	__ribosome	33.85	0.0	0.0
124	__rnase_site_ext	14.8	0.0	0.0
124	p0	0.75	0.0	0.0
124	protein1	513.65	14.8	2.0766808
124	protein2	493.7	15.3	1.9473914000000003
124	protein3	111.05	2.9	2.21000005
124	r2	2.9	0.0	0.0
124	rnapol	0.4	0.0	0.0
125	__protein1_rbs	8.95	0.0	0.0
125	__protein2_rbs	9.3	0.0	0.0
125	__protein3_rbs	1.9	0.0	0.0
125	__ribosome	34.15	0.0	0.0
125	__rnase_site_ext	15.15	0.0	0.0
125	p0	0.75	0.0	0.0
125	protein1	519.75	14.8	2.0891570500000003
125	protein2	500.15	15.5	1.9270579500000005
125	protein3	112.45	2.85	2.0716667
125	r2	2.95	0.0	0.0
125	rnapol	0.5	0.0	0.0
126	__protein1_rbs	8.7	0.0	0.0
126	__protein2_rbs	10.3	0.0	0.0
126	__protein3_rbs	1.55	0.0	0.0
126	__ribosome	34.15	0.0	0.0
126	__rnase_site_ext	15.3	0.0	0.0
126	p0	0.7	0.0	0.0
126	protein1	525.75	15.1	2.0667267
126	protein2	506.25	15.6	1.88921145
126	protein3	113.65	2.95	inf
126	r2	3.0	0.0	0.0
126	rnapol	0.25	0.0	0.0
127	__protein1_rbs	8.55	0.0	0.0
127	__protein2_rbs	9.0	0.0	0.0
127	__protein3_rbs	1.55	0.0	0.0
127	__ribosome	32.9	0.0	0.0
127	__rnase_site_ext	15.45	0.0	0.0
127	p0	0.95	0.0	0.0
127	protein1	532.25	15.25	2.08129365
127	protein2	512.35	15.6	1.95054955
127	protein3	114.85	2.95	inf
127	r2	2.9	0.0	0.0
127	rnapol	0.5	0.0	0.0
128	__protein1_rbs	9.0	0.0	0.0
128	__protein2_rbs	10.1	0.0	0.0
128	__protein3_rbs	1.8	0.0	0.0
128	__ribosome	32.65	0.0	0.0
128	__rnase_site_ext	15.5	0.0	0.0
128	p0	0.7	0.0	0.0
128	protein1	538.3	15.45	2.0858303000000005
128	protein2	518.45	15.55	1.9455622
128	protein3	116.05	3.0	inf
128	r2	2.95	0.0	0.0
128	rnapol	0.45	0.0	0.0
129	__protein1_rbs	9.85	0.0	0.0
129	__protein2_rbs	8.45	0.0	0.0
129	__protein3_rbs	1.8	0.0	0.0
129	__ribosome	33.2	0.0	0.0
129	__rnase_site_ext	15.6	0.0	0.0
129	p0	0.85	0.0	0.0
129	protein1	545.05	15.5	2.0066721000000003
129	protein2	524.75	15.4	2.022439400000001
129	protein3	117.45	2.95	inf
129	r2	2.85	0.0	0.0
129	rnapol	0.5	0.0	0.0
130	__protein1_rbs	9.5	0.0	0.0
130	__protein2_rbs	9.0	0.0	0.0
130	__protein3_rbs	1.7	0.0	0.0
130	__ribosome	32.3	0.0	0.0
130	__rnase_site_ext	15.7	0.0	0.0
130	p0	0.75	0.0	0.0
130	protein1	551.55	15.65	1.9575984
130	protein2	530.85	15.75	2.0104584
130	protein3	118.3	2.95	inf
130	r2	2.75	0.0	0.0
130	rnapol	0.4	0.0	0.0
131	__protein1_rbs	9.55	0.0	0.0
131	__protein2_rbs	9.95	0.0	0.0
131	__protein3_rbs	1.65	0.0	0.0
131	__ribosome	32.05	0.0	0.0
131	__rnase_site_ext	15.65	0.0	0.0
131	p0	0.8	0.0	0.0
131	protein1	558.25	15.65	1.95111425
131	protein2	536.6	15.9	2.0083382500000004
131	protein3	119.7	2.9	inf
131	r2	2.7	0.0	0.0
131	rnapol	0.6	0.0	0.0
132	__protein1_rbs	9.0	0.0	0.0
132	__protein2_rbs	8.65	0.0	0.0
132	__protein3_rbs	1.65	0.0	0.0
132	__ribosome	31.35	0.0	0.0
132	__rnase_site_ext	15.8	0.0	0.0
132	p0	0.95	0.0	0.0
132	protein1	564.4	15.65	1.99013395
132	protein2	543.95	15.85	2.01598655
132	protein3	120.65	2.85	1.86500005
132	r2	2.65	0.0	0.0
132	rnapol	0.8	0.0	0.0
133	__protein1_rbs	9.3	0.0	0.0
133	__protein2_rbs	9.75	0.0	0.0
133	__protein3_rbs	1.85	0.0	0.0
133	__ribosome	31.8	0.0	0.0
133	__rnase_site_ext	15.8	0.0	0.0
133	p0	0.85	0.0	0.0
133	protein1	571.0	15.8	1.9616437
133	protein2	550.1	16.0	2.0048554499999995
133	protein3	122.05	2.85	1.8016667
133	r2	2.55	0.0	0.0
133	rnapol	0.7	0.0	0.0
134	__protein1_rbs	9.15	0.0	0.0
134	__protein2_rbs	9.55	0.0	0.0
134	__protein3_rbs	1.75	0.0	0.0
134	__ribosome	30.1	0.0	0.0
134	__rnase_site_ext	15.95	0.0	0.0
134	p0	0.75	0.0	0.0
134	protein1	576.5	15.8	2.0508889500000005
134	protein2	556.5	16.25	2.01504155
134	protein3	123.25	2.7	1.89416665
134	r2	2.5	0.0	0.0
134	rnapol	0.7	0.0	0.0
135	__protein1_rbs	9.7	0.0	0.0
135	__protein2_rbs	10.2	0.0	0.0
135	__protein3_rbs	1.9	0.0	0.0
135	__ribosome	30.8	0.0	0.0
135	__rnase_site_ext	15.9	0.0	0.0
135	p0	0.8	0.0	0.0
135	protein1	582.7	15.85	2.0861168
135	protein2	563.15	16.3	1.9717474
135	protein3	124.75	2.7	1.6791666500000002
135	r2	2.5	0.0	0.0
135	rnapol	0.6	0.0	0.0
136	__protein1_rbs	9.45	0.0	0.0
136	__protein2_rbs	9.45	0.0	0.0
136	__protein3_rbs	1.7	0.0	0.0
136	__ribosome	30.25	0.0	0.0
136	__rnase_site_ext	16.1	0.0	0.0
136	p0	0.85	0.0	0.0
136	protein1	589.6	15.85	2.0417804
136	protein2	569.0	16.55	2.0213655000000004
136	protein3	125.95	2.65	1.6950000499999998
136	r2	2.5	0.0	0.0
136	rnapol	0.55	0.0	0.0
137	__protein1_rbs	9.0	0.0	0.0
137	__protein2_rbs	11.25	0.0	0.0
137	__protein3_rbs	1.5	0.0	0.0
137	__ribosome	30.65	0.0	0.0
137	__rnase_site_ext	16.25	0.0	0.0
137	p0	0.8	0.0	0.0
137	protein1	596.1	16.15	2.07136395
137	protein2	575.9	16.4	1.9488018
137	protein3	127.05	2.55	1.6941665999999995
137	r2	2.5	0.0	0.0
137	rnapol	0.5	0.0	0.0
138	__protein1_rbs	10.6	0.0	0.0
138	__protein2_rbs	9.25	0.0	0.0
138	__protein3_rbs	1.4	0.0	0.0
138	__ribosome	31.2	0.0	0.0
138	__rnase_site_ext	16.15	0.0	0.0
138	p0	0.9	0.0	0.0
138	protein1	602.85	16.2	1.9961739500000004
138	protein2	583.3	16.6	1.9615588
138	protein3	128.3	2.55	1.6358333000000005
138	r2	2.55	0.0	0.0
138	rnapol	0.7	0.0	0.0
139	__protein1_rbs	10.2	0.0	0.0
139	__protein2_rbs	9.35	0.0	0.0
139	__protein3_rbs	1.65	0.0	0.0
139	__ribosome	30.85	0.0	0.0
139	__rnase_site_ext	16.15	0.0	0.0
139	p0	0.75	0.0	0.0
139	protein1	609.9	16.15	1.9603731
139	protein2	589.6	16.55	2.0316366500000003
139	protein3	129.2	2.6	1.6625000499999998
139	r2	2.5	0.0	0.0
139	rnapol	0.6	0.0	0.0
140	__protein1_rbs	9.75	0.0	0.0
140	__protein2_rbs	10.8	0.0	0.0
140	__protein3_rbs	1.4	0.0	0.0
140	__ribosome	30.85	0.0	0.0
140	__rnase_site_ext	16.15	0.0	0.0
140	p0	0.9	0.0	0.0
140	protein1	615.75	16.15	1.99598745
140	protein2	596.9	16.65	1.9458407
140	protein3	129.9	2.6	1.9958333500000005
140	r2	2.65	0.0	0.0
140	rnapol	0.55	0.0	0.0
141	__protein1_rbs	9.5	0.0	0.0
141	__protein2_rbs	9.8	0.0	0.0
141	__protein3_rbs	1.75	0.0	0.0
141	__ribosome	31.2	0.0	0.0
141	__rnase_site_ext	16.0	0.0	0.0
141	p0	1.0	0.0	0.0
141	protein1	623.2	16.15	1.9543991000000005
141	protein2	603.4	16.65	1.97721465
141	protein3	131.05	2.65	1.84
141	r2	2.7	0.0	0.0
141	rnapol	0.9	0.0	0.0
142	__protein1_rbs	10.4	0.0	0.0
142	__protein2_rbs	9.9	0.0	0.0
142	__protein3_rbs	1.3	0.0	0.0
142	__ribosome	31.6	0.0	0.0
142	__rnase_site_ext	16.1	0.0	0.0
142	p0	0.75	0.0	0.0
142	protein1	629.75	16.0	1.9308634
142	protein2	610.25	16.85	1.9630227
142	protein3	132.15	2.7	inf
142	r2	2.75	0.0	0.0
142	rnapol	0.85	0.0	0.0
143	__protein1_rbs	9.05	0.0	0.0
143	__protein2_rbs	9.85	0.0	0.0
143	__protein3_rbs	1.9	0.0	0.0
143	__ribosome	30.55	0.0	0.0
143	__rnase_site_ext	16.15	0.0	0.0
143	p0	0.75	0.0	0.0
143	protein1	636.15	16.15	1.97728105
143	protein2	617.6	16.9	1.97952195
143	protein3	133.5	2.75	inf
143	r2	2.75	0.0	0.0
143	rnapol	0.7	0.0	0.0
144	__protein1_rbs	9.65	0.0	0.0
144	__protein2_rbs	10.7	0.0	0.0
144	__protein3_rbs	1.35	0.0	0.0
144	__ribosome	30.25	0.0	0.0
144	__rnase_site_ext	16.3	0.0	0.0
144	p0	0.8	0.0	0.0
144	protein1	642.65	16.1	1.9921694
144	protein2	624.25	17.0	1.95139985
144	protein3	134.6	2.8	inf
144	r2	2.75	0.0	0.0
144	rnapol	0.6	0.0	0.0
145	__protein1_rbs	9.9	0.0	0.0
145	__protein2_rbs	11.05	0.0	0.0
145	__protein3_rbs	1.75	0.0	0.0
145	__ribosome	29.65	0.0	0.0
145	__rnase_site_ext	16.25	0.0	0.0
145	p0	0.8	0.0	0.0
145	protein1	648.8	16.35	2.00988875
145	protein2	630.65	17.1	1.9344892
145	protein3	135.75	2.8	inf
145	r2	2.9	0.0	0.0
145	rnapol	0.65	0.0	0.0
146	__protein1_rbs	10.85	0.0	0.0
146	__protein2_rbs	9.65	0.0	0.0
146	__protein3_rbs	1.75	0.0	0.0
146	__ribosome	30.15	0.0	0.0
146	__rnase_site_ext	16.25	0.0	0.0
146	p0	0.8	0.0	0.0
146	protein1	655.5	16.4	1.92448575
146	protein2	637.9	17.0	1.9779098
146	protein3	136.8	2.75	1.99916665
146	r2	2.95	0.0	0.0
146	rnapol	0.55	0.0	0.0
147	__protein1_rbs	9.25	0.0	0.0
147	__protein2_rbs	10.6	0.0	0.0
147	__protein3_rbs	1.4	0.0	0.0
147	__ribosome	28.7	0.0	0.0
147	__rnase_site_ext	16.35	0.0	0.0
147	p0	0.8	0.0	0.0
147	protein1	661.9	16.3	2.01080865
147	protein2	644.7	17.05	1.97195215
147	protein3	138.05	2.9	1.91416665
147	r2	2.85	0.0	0.0
147	rnapol	0.5	0.0	0.0
148	__protein1_rbs	9.5	0.0	0.0
148	__protein2_rbs	10.25	0.0	0.0
148	__protein3_rbs	2.15	0.0	0.0
148	__ribosome	28.55	0.0	0.0
148	__rnase_site_ext	16.3	0.0	0.0
148	p0	0.95	0.0	0.0
148	protein1	668.5	16.35	2.0334821
148	protein2	652.1	17.2	1.9584898
148	protein3	139.05	2.95	1.7608333499999995
148	r2	3.0	0.0	0.0
148	rnapol	0.9	0.0	0.0
149	__protein1_rbs	9.6	0.0	0.0
149	__protein2_rbs	10.4	0.0	0.0
149	__protein3_rbs	1.7	0.0	0.0
149	__ribosome	28.65	0.0	0.0
149	__rnase_site_ext	16.45	0.0	0.0
149	p0	0.75	0.0	0.0
149	protein1	675.6	16.3	2.0205274500000003
149	protein2	658.75	17.15	1.98583525
149	protein3	140.25	2.95	1.82833335
149	r2	3.0	0.0	0.0
149	rnapol	0.75	0.0	0.0
150	__protein1_rbs	10.8	0.0	0.0
150	__protein2_rbs	11.1	0.0	0.0
150	__protein3_rbs	2.05	0.0	0.0
150	__ribosome	30.05	0.0	0.0
150	__rnase_site_ext	16.4	0.0	0.0
150	p0	0.8	0.0	0.0
150	protein1	682.65	16.35	1.9353958
150	protein2	665.3	17.25	1.9798686
150	protein3	141.45	3.0	1.7700000500000002
150	r2	2.95	0.0	0.0
150	rnapol	0.75	0.0	0.0
151	__protein1_rbs	10.4	0.0	0.0
151	__protein2_rbs	10.6	0.0	0.0
151	__protein3_rbs	1.85	0.0	0.0
151	__ribosome	29.3	0.0	0.0
151	__rnase_site_ext	16.65	0.0	0.0
151	p0	0.8	0.0	0.0
151	protein1	688.5	16.45	1.9814131500000003
151	protein2	672.5	17.45	1.9749259
151	protein3	142.85	3.0	1.6583332999999998
151	r2	2.85	0.0	0.0
151	rnapol	0.65	0.0	0.0
152	__protein1_rbs	10.35	0.0	0.0
152	__protein2_rbs	10.85	0.0	0.0
152	__protein3_rbs	1.7	0.0	0.0
152	__ribosome	30.9	0.0	0.0
152	__rnase_site_ext	17.05	0.0	0.0
152	p0	0.7	0.0	0.0
152	protein1	695.8	16.5	1.9092867500000004
152	protein2	680.25	17.45	1.93177235
152	protein3	144.15	2.95	1.7508332999999998
152	r2	2.8	0.0	0.0
152	rnapol	0.45	0.0	0.0
153	__protein1_rbs	10.9	0.0	0.0
153	__protein2_rbs	11.1	0.0	0.0
153	__protein3_rbs	1.4	0.0	0.0
153	__ribosome	30.2	0.0	0.0
153	__rnase_site_ext	17.1	0.0	0.0
153	p0	0.95	0.0	0.0
153	protein1	702.55	17.0	1.8328073
153	protein2	687.35	17.55	1.9196891999999999
153	protein3	144.9	2.9	2.0941667
153	r2	2.85	0.0	0.0
153	rnapol	0.65	0.0	0.0
154	__protein1_rbs	10.95	0.0	0.0
154	__protein2_rbs	11.25	0.0	0.0
154	__protein3_rbs	1.85	0.0	0.0
154	__ribosome	30.5	0.0	0.0
154	__rnase_site_ext	16.95	0.0	0.0
154	p0	0.85	0.0	0.0
154	protein1	709.35	17.1	1.8033086
154	protein2	694.1	17.8	1.90516715
154	protein3	146.1	2.9	2.225
154	r2	2.9	0.0	0.0
154	rnapol	0.6	0.0	0.0
155	__protein1_rbs	11.4	0.0	0.0
155	__protein2_rbs	11.0	0.0	0.0
155	__protein3_rbs	1.45	0.0	0.0
155	__ribosome	30.5	0.0	0.0
155	__rnase_site_ext	16.9	0.0	0.0
155	p0	0.85	0.0	0.0
155	protein1	715.9	17.0	1.7722943
155	protein2	700.85	17.65	1.94399625
155	protein3	147.25	2.85	2.0950000500000003
155	r2	2.9	0.0	0.0
155	rnapol	0.75	0.0	0.0
156	__protein1_rbs	10.6	0.0	0.0
156	__protein2_rbs	10.2	0.0	0.0
156	__protein3_rbs	1.95	0.0	0.0
156	__ribosome	29.35	0.0	0.0
156	__rnase_site_ext	17.0	0.0	0.0
156	p0	0.85	0.0	0.0
156	protein1	722.15	16.95	1.8022086
156	protein2	707.9	17.8	1.9922551
156	protein3	148.4	2.9	1.90333335
156	r2	2.95	0.0	0.0
156	rnapol	0.8	0.0	0.0
157	__protein1_rbs	10.9	0.0	0.0
157	__protein2_rbs	11.25	0.0	0.0
157	__protein3_rbs	1.55	0.0	0.0
157	__ribosome	30.95	0.0	0.0
157	__rnase_site_ext	17.2	0.0	0.0
157	p0	0.85	0.0	0.0
157	protein1	728.95	17.05	1.7510860500000007
157	protein2	715.7	17.8	1.9310726
157	protein3	149.9	2.9	1.8866667000000004
157	r2	2.95	0.0	0.0
157	rnapol	0.6	0.0	0.0
158	__protein1_rbs	10.85	0.0	0.0
158	__protein2_rbs	11.35	0.0	0.0
158	__protein3_rbs	1.9	0.0	0.0
158	__ribosome	31.05	0.0	0.0
158	__rnase_site_ext	17.15	0.0	0.0
158	p0	0.9	0.0	0.0
158	protein1	735.3	17.2	1.73411905
158	protein2	722.55	17.95	1.91976885
158	protein3	151.15	2.95	1.7316667000000001
158	r2	3.0	0.0	0.0
158	rnapol	0.8	0.0	0.0
159	__protein1_rbs	10.1	0.0	0.0
159	__protein2_rbs	11.0	0.0	0.0
159	__protein3_rbs	1.6	0.0	0.0
159	__ribosome	28.3	0.0	0.0
159	__rnase_site_ext	17.1	0.0	0.0
159	p0	0.8	0.0	0.0
159	protein1	741.3	17.15	1.8435871
159	protein2	729.5	17.95	1.9623058500000004
159	protein3	152.1	2.95	1.88416665
159	r2	3.05	0.0	0.0
159	rnapol	0.85	0.0	0.0
160	__protein1_rbs	10.2	0.0	0.0
160	__protein2_rbs	12.35	0.0	0.0
160	__protein3_rbs	1.9	0.0	0.0
160	__ribosome	29.25	0.0	0.0
160	__rnase_site_ext	17.4	0.0	0.0
160	p0	0.6	0.0	0.0
160	protein1	748.0	17.1	1.85374375
160	protein2	736.6	18.0	1.90599615
160	protein3	153.45	3.05	1.79916665
160	r2	3.1	0.0	0.0
160	rnapol	0.65	0.0	0.0
161	__protein1_rbs	11.0	0.0	0.0
161	__protein2_rbs	12.0	0.0	0.0
161	__protein3_rbs	1.8	0.0	0.0
161	__ribosome	29.45	0.0	0.0
161	__rnase_site_ext	17.3	0.0	0.0
161	p0	0.95	0.0	0.0
161	protein1	753.8	17.35	1.8759325
161	protein2	744.4	17.9	1.85920075
161	protein3	154.45	3.05	1.97583335
161	r2	3.1	0.0	0.0
161	rnapol	0.6	0.0	0.0
162	__protein1_rbs	10.5	0.0	0.0
162	__protein2_rbs	11.35	0.0	0.0
162	__protein3_rbs	2.3	0.0	0.0
162	__ribosome	29.3	0.0	0.0
162	__rnase_site_ext	17.45	0.0	0.0
162	p0	0.65	0.0	0.0
162	protein1	760.2	17.35	1.9306087
162	protein2	752.45	17.85	1.84033245
162	protein3	155.85	3.1	1.8466667
162	r2	3.2	0.0	0.0
162	rnapol	0.35	0.0	0.0
163	__protein1_rbs	10.65	0.0	0.0
163	__protein2_rbs	11.3	0.0	0.0
163	__protein3_rbs	2.1	0.0	0.0
163	__ribosome	27.45	0.0	0.0
163	__rnase_site_ext	17.5	0.0	0.0
163	p0	0.8	0.0	0.0
163	protein1	766.75	17.35	1.9644699
163	protein2	759.0	18.1	1.8707368000000002
163	protein3	156.85	3.15	1.9033333
163	r2	3.1	0.0	0.0
163	rnapol	0.2	0.0	0.0
164	__protein1_rbs	10.5	0.0	0.0
164	__protein2_rbs	11.6	0.0	0.0
164	__protein3_rbs	2.15	0.0	0.0
164	__ribosome	27.6	0.0	0.0
164	__rnase_site_ext	17.4	0.0	0.0
164	p0	0.75	0.0	0.0
164	protein1	774.0	17.4	1.9782604
164	protein2	766.1	18.1	1.8678529
164	protein3	158.25	3.25	1.7025
164	r2	3.1	0.0	0.0
164	rnapol	0.45	0.0	0.0
165	__protein1_rbs	10.8	0.0	0.0
165	__protein2_rbs	11.45	0.0	0.0
165	__protein3_rbs	1.9	0.0	0.0
165	__ribosome	26.3	0.0	0.0
165	__rnase_site_ext	17.4	0.0	0.0
165	p0	0.95	0.0	0.0
165	protein1	780.9	17.45	1.9598344
165	protein2	772.3	18.15	1.9258669
165	protein3	159.6	3.25	1.75666665
165	r2	3.15	0.0	0.0
165	rnapol	0.65	0.0	0.0
166	__protein1_rbs	11.85	0.0	0.0
166	__protein2_rbs	11.1	0.0	0.0
166	__protein3_rbs	2.0	0.0	0.0
166	__ribosome	27.65	0.0	0.0
166	__rnase_site_ext	17.35	0.0	0.0
166	p0	0.75	0.0	0.0
166	protein1	787.9	17.45	1.8887344
166	protein2	779.8	18.15	1.91294625
166	protein3	160.85	3.2	1.80916665
166	r2	3.15	0.0	0.0
166	rnapol	0.45	0.0	0.0
167	__protein1_rbs	11.55	0.0	0.0
167	__protein2_rbs	11.45	0.0	0.0
167	__protein3_rbs	2.45	0.0	0.0
167	__ribosome	29.75	0.0	0.0
167	__rnase_site_ext	17.3	0.0	0.0
167	p0	0.85	0.0	0.0
167	protein1	795.65	17.5	1.8019072
167	protein2	787.3	18.3	1.8697188000000002
167	protein3	161.95	3.15	1.81
167	r2	3.15	0.0	0.0
167	rnapol	0.5	0.0	0.0
168	__protein1_rbs	10.5	0.0	0.0
168	__protein2_rbs	11.6	0.0	0.0
168	__protein3_rbs	1.85	0.0	0.0
168	__ribosome	28.65	0.0	0.0
168	__rnase_site_ext	17.3	0.0	0.0
168	p0	0.85	0.0	0.0
168	protein1	802.45	17.3	1.83988545
168	protein2	794.1	18.6	1.85498445
168	protein3	162.95	3.15	1.8422618999999998
168	r2	3.05	0.0	0.0
168	rnapol	0.7	0.0	0.0
169	__protein1_rbs	11.25	0.0	0.0
169	__protein2_rbs	11.75	0.0	0.0
169	__protein3_rbs	2.5	0.0	0.0
169	__ribosome	29.1	0.0	0.0
169	__rnase_site_ext	17.5	0.0	0.0
169	p0	0.85	0.0	0.0
169	protein1	808.85	17.35	1.85589385
169	protein2	801.5	18.6	1.85581635
169	protein3	164.3	3.2	1.6530952
169	r2	3.1	0.0	0.0
169	rnapol	0.7	0.0	0.0
170	__protein1_rbs	10.3	0.0	0.0
170	__protein2_rbs	11.3	0.0	0.0
170	__protein3_rbs	1.7	0.0	0.0
170	__ribosome	27.85	0.0	0.0
170	__rnase_site_ext	17.4	0.0	0.0
170	p0	0.85	0.0	0.0
170	protein1	815.9	17.6	1.8855837
170	protein2	808.8	18.5	1.87599515
170	protein3	165.75	3.2	1.7648809499999998
170	r2	3.15	0.0	0.0
170	rnapol	0.8	0.0	0.0
171	__protein1_rbs	10.85	0.0	0.0
171	__protein2_rbs	12.2	0.0	0.0
171	__protein3_rbs	2.2	0.0	0.0
171	__ribosome	26.85	0.0	0.0
171	__rnase_site_ext	17.6	0.0	0.0
171	p0	0.8	0.0	0.0
171	protein1	822.45	17.5	1.9364281000000003
171	protein2	815.65	18.7	1.8696476
171	protein3	166.75	3.1	inf
171	r2	3.15	0.0	0.0
171	rnapol	0.6	0.0	0.0
172	__protein1_rbs	11.6	0.0	0.0
172	__protein2_rbs	11.85	0.0	0.0
172	__protein3_rbs	1.65	0.0	0.0
172	__ribosome	27.4	0.0	0.0
172	__rnase_site_ext	17.75	0.0	0.0
172	p0	0.7	0.0	0.0
172	protein1	829.5	17.6	1.88691265
172	protein2	823.35	18.85	1.8362034
172	protein3	167.9	3.15	1.80119045
172	r2	3.05	0.0	0.0
172	rnapol	0.55	0.0	0.0
173	__protein1_rbs	11.15	0.0	0.0
173	__protein2_rbs	11.95	0.0	0.0
173	__protein3_rbs	2.15	0.0	0.0
173	__ribosome	27.65	0.0	0.0
173	__rnase_site_ext	17.7	0.0	0.0
173	p0	0.75	0.0	0.0
173	protein1	836.5	17.7	1.8774596500000005
173	protein2	831.0	18.85	1.8206464000000004
173	protein3	168.85	3.2	1.83535715
173	r2	3.0	0.0	0.0
173	rnapol	0.5	0.0	0.0
174	__protein1_rbs	10.75	0.0	0.0
174	__protein2_rbs	12.75	0.0	0.0
174	__protein3_rbs	2.05	0.0	0.0
174	__ribosome	27.1	0.0	0.0
174	__rnase_site_ext	17.85	0.0	0.0
174	p0	0.75	0.0	0.0
174	protein1	843.3	17.65	1.91382515
174	protein2	837.85	18.9	1.7989767000000003
174	protein3	169.9	3.1	1.8004762499999998
174	r2	3.0	0.0	0.0
174	rnapol	0.5	0.0	0.0
175	__protein1_rbs	11.0	0.0	0.0
175	__protein2_rbs	12.3	0.0	0.0
175	__protein3_rbs	1.8	0.0	0.0
175	__ribosome	27.8	0.0	0.0
175	__rnase_site_ext	17.65	0.0	0.0
175	p0	0.85	0.0	0.0
175	protein1	850.7	17.7	1.8758155
175	protein2	845.2	18.85	1.79215305
175	protein3	171.25	3.05	1.8634524000000008
175	r2	2.9	0.0	0.0
175	rnapol	0.65	0.0	0.0
176	__protein1_rbs	11.85	0.0	0.0
176	__protein2_rbs	12.3	0.0	0.0
176	__protein3_rbs	1.7	0.0	0.0
176	__ribosome	28.7	0.0	0.0
176	__rnase_site_ext	17.55	0.0	0.0
176	p0	0.75	0.0	0.0
176	protein1	857.75	17.65	1.84563805
176	protein2	852.4	18.9	1.7757749
176	protein3	172.7	3.1	1.9023809000000005
176	r2	2.85	0.0	0.0
176	rnapol	0.7	0.0	0.0
177	__protein1_rbs	11.55	0.0	0.0
177	__protein2_rbs	11.15	0.0	0.0
177	__protein3_rbs	1.9	0.0	0.0
177	__ribosome	28.05	0.0	0.0
177	__rnase_site_ext	17.7	0.0	0.0
177	p0	0.8	0.0	0.0
177	protein1	864.3	17.5	1.8636574500000005
177	protein2	860.25	18.8	1.8096256
177	protein3	173.7	3.0	2.11500005
177	r2	2.85	0.0	0.0
177	rnapol	0.75	0.0	0.0
178	__protein1_rbs	10.9	0.0	0.0
178	__protein2_rbs	11.75	0.0	0.0
178	__protein3_rbs	1.65	0.0	0.0
178	__ribosome	28.05	0.0	0.0
178	__rnase_site_ext	18.1	0.0	0.0
178	p0	0.6	0.0	0.0
178	protein1	871.4	17.65	1.8719437
178	protein2	867.65	18.9	1.8172964
178	protein3	175.3	2.85	inf
178	r2	2.9	0.0	0.0
178	rnapol	0.45	0.0	0.0
179	__protein1_rbs	11.65	0.0	0.0
179	__protein2_rbs	11.75	0.0	0.0
179	__protein3_rbs	1.85	0.0	0.0
179	__ribosome	27.5	0.0	0.0
179	__rnase_site_ext	17.85	0.0	0.0
179	p0	0.85	0.0	0.0
179	protein1	878.7	17.95	1.8208571
179	protein2	874.55	19.0	1.84398665
179	protein3	176.35	2.9	inf
179	r2	2.9	0.0	0.0
179	rnapol	0.55	0.0	0.0
180	__protein1_rbs	11.1	0.0	0.0
180	__protein2_rbs	11.9	0.0	0.0
180	__protein3_rbs	1.75	0.0	0.0
180	__ribosome	26.25	0.0	0.0
180	__rnase_site_ext	17.75	0.0	0.0
180	p0	0.8	0.0	0.0
180	protein1	885.35	17.85	1.87023645
180	protein2	881.3	19.1	1.87548685
180	protein3	177.7	2.9	inf
180	r2	3.0	0.0	0.0
180	rnapol	0.5	0.0	0.0
181	__protein1_rbs	11.35	0.0	0.0
181	__protein2_rbs	12.25	0.0	0.0
181	__protein3_rbs	2.0	0.0	0.0
181	__ribosome	26.8	0.0	0.0
181	__rnase_site_ext	17.75	0.0	0.0
181	p0	0.85	0.0	0.0
181	protein1	892.5	17.85	1.8610921
181	protein2	888.7	18.85	1.9010281999999998
181	protein3	179.1	2.9	1.83666675
181	r2	3.0	0.0	0.0
181	rnapol	0.4	0.0	0.0
182	__protein1_rbs	12.0	0.0	0.0
182	__protein2_rbs	11.8	0.0	0.0
182	__protein3_rbs	2.0	0.0	0.0
182	__ribosome	26.95	0.0	0.0
182	__rnase_site_ext	17.75	0.0	0.0
182	p0	0.8	0.0	0.0
182	protein1	898.8	17.85	1.86313215
182	protein2	896.6	19.05	1.8627831
182	protein3	180.45	3.0	1.7283333500000002
182	r2	3.05	0.0	0.0
182	rnapol	0.4	0.0	0.0
183	__protein1_rbs	11.65	0.0	0.0
183	__protein2_rbs	12.1	0.0	0.0
183	__protein3_rbs	2.0	0.0	0.0
183	__ribosome	26.85	0.0	0.0
183	__rnase_site_ext	18.0	0.0	0.0
183	p0	0.8	0.0	0.0
183	protein1	905.95	17.85	1.83228585
183	protein2	903.85	19.1	1.89405465
183	protein3	181.55	3.05	1.76666675
183	r2	3.05	0.0	0.0
183	rnapol	0.35	0.0	0.0
184	__protein1_rbs	12.0	0.0	0.0
184	__protein2_rbs	12.35	0.0	0.0
184	__protein3_rbs	2.05	0.0	0.0
184	__ribosome	28.3	0.0	0.0
184	__rnase_site_ext	18.05	0.0	0.0
184	p0	0.8	0.0	0.0
184	protein1	913.15	17.95	1.79307655
184	protein2	912.35	19.25	1.8224061000000005
184	protein3	182.5	3.1	1.72023815
184	r2	3.15	0.0	0.0
184	rnapol	0.25	0.0	0.0
185	__protein1_rbs	11.5	0.0	0.0
185	__protein2_rbs	12.05	0.0	0.0
185	__protein3_rbs	2.25	0.0	0.0
185	__ribosome	29.15	0.0	0.0
185	__rnase_site_ext	18.05	0.0	0.0
185	p0	0.85	0.0	0.0
185	protein1	920.65	17.95	1.75876075
185	protein2	919.95	19.3	1.81224545
185	protein3	183.75	3.2	1.5904762500000005
185	r2	3.25	0.0	0.0
185	rnapol	0.3	0.0	0.0
186	__protein1_rbs	10.35	0.0	0.0
186	__protein2_rbs	12.35	0.0	0.0
186	__protein3_rbs	1.95	0.0	0.0
186	__ribosome	27.15	0.0	0.0
186	__rnase_site_ext	18.05	0.0	0.0
186	p0	0.9	0.0	0.0
186	protein1	927.0	17.95	1.85102085
186	protein2	926.55	19.35	1.8296013
186	protein3	185.25	3.2	1.5571427999999998
186	r2	3.25	0.0	0.0
186	rnapol	0.4	0.0	0.0
187	__protein1_rbs	11.0	0.0	0.0
187	__protein2_rbs	12.65	0.0	0.0
187	__protein3_rbs	1.8	0.0	0.0
187	__ribosome	27.05	0.0	0.0
187	__rnase_site_ext	18.0	0.0	0.0
187	p0	0.95	0.0	0.0
187	protein1	933.9	18.05	1.8776844000000004
187	protein2	935.1	19.35	1.7567736999999994
187	protein3	186.0	3.25	1.7246429500000002
187	r2	3.25	0.0	0.0
187	rnapol	0.55	0.0	0.0
188	__protein1_rbs	11.65	0.0	0.0
188	__protein2_rbs	12.45	0.0	0.0
188	__protein3_rbs	2.05	0.0	0.0
188	__ribosome	27.2	0.0	0.0
188	__rnase_site_ext	18.05	0.0	0.0
188	p0	0.8	0.0	0.0
188	protein1	941.1	18.05	1.8750361
188	protein2	942.65	19.35	1.75888715
188	protein3	187.3	3.3	1.7040476000000002
188	r2	3.45	0.0	0.0
188	rnapol	0.5	0.0	0.0
189	__protein1_rbs	11.85	0.0	0.0
189	__protein2_rbs	12.1	0.0	0.0
189	__protein3_rbs	2.3	0.0	0.0
189	__ribosome	26.45	0.0	0.0
189	__rnase_site_ext	18.15	0.0	0.0
189	p0	0.85	0.0	0.0
189	protein1	947.4	18.05	1.88725215
189	protein2	949.55	19.2	1.8186293
189	protein3	188.45	3.35	1.5740476
189	r2	3.45	0.0	0.0
189	rnapol	0.5	0.0	0.0
190	__protein1_rbs	11.55	0.0	0.0
190	__protein2_rbs	11.9	0.0	0.0
190	__protein3_rbs	2.35	0.0	0.0
190	__ribosome	27.1	0.0	0.0
190	__rnase_site_ext	18.15	0.0	0.0
190	p0	0.8	0.0	0.0
190	protein1	955.05	18.1	1.84206665
190	protein2	957.5	19.1	1.8143254
190	protein3	189.5	3.5	1.61261905
190	r2	3.45	0.0	0.0
190	rnapol	0.6	0.0	0.0
191	__protein1_rbs	11.8	0.0	0.0
191	__protein2_rbs	12.55	0.0	0.0
191	__protein3_rbs	2.15	0.0	0.0
191	__ribosome	26.85	0.0	0.0
191	__rnase_site_ext	18.05	0.0	0.0
191	p0	0.8	0.0	0.0
191	protein1	962.65	18.1	1.8079355
191	protein2	964.4	19.3	1.8427397
191	protein3	190.85	3.45	1.7354761999999997
191	r2	3.45	0.0	0.0
191	rnapol	0.65	0.0	0.0
192	__protein1_rbs	11.4	0.0	0.0
192	__protein2_rbs	11.5	0.0	0.0
192	__protein3_rbs	2.4	0.0	0.0
192	__ribosome	25.95	0.0	0.0
192	__rnase_site_ext	18.2	0.0	0.0
192	p0	0.8	0.0	0.0
192	protein1	970.75	18.1	1.77349765
192	protein2	971.6	19.5	1.8831199999999997
192	protein3	192.05	3.6	1.78261905
192	r2	3.6	0.0	0.0
192	rnapol	0.65	0.0	0.0
193	__protein1_rbs	11.3	0.0	0.0
193	__protein2_rbs	13.6	0.0	0.0
193	__protein3_rbs	2.6	0.0	0.0
193	__ribosome	25.9	0.0	0.0
193	__rnase_site_ext	18.15	0.0	0.0
193	p0	0.75	0.0	0.0
193	protein1	976.85	18.2	1.8381425000000005
193	protein2	978.8	19.3	1.86135945
193	protein3	193.55	3.45	1.7034524000000002
193	r2	3.6	0.0	0.0
193	rnapol	0.5	0.0	0.0
194	__protein1_rbs	11.7	0.0	0.0
194	__protein2_rbs	12.45	0.0	0.0
194	__protein3_rbs	1.95	0.0	0.0
194	__ribosome	25.6	0.0	0.0
194	__rnase_site_ext	18.4	0.0	0.0
194	p0	0.9	0.0	0.0
194	protein1	983.9	18.2	1.8240842
194	protein2	986.4	19.2	1.8820840000000003
194	protein3	194.8	3.6	1.7195238500000003
194	r2	3.55	0.0	0.0
194	rnapol	0.7	0.0	0.0
195	__protein1_rbs	11.95	0.0	0.0
195	__protein2_rbs	12.9	0.0	0.0
195	__protein3_rbs	2.35	0.0	0.0
195	__ribosome	26.55	0.0	0.0
195	__rnase_site_ext	18.35	0.0	0.0
195	p0	0.9	0.0	0.0
195	protein1	990.3	18.35	1.8356087000000003
195	protein2	995.4	19.05	1.8032457
195	protein3	195.95	3.6	1.73708335
195	r2	3.6	0.0	0.0
195	rnapol	0.75	0.0	0.0
196	__protein1_rbs	12.0	0.0	0.0
196	__protein2_rbs	12.45	0.0	0.0
196	__protein3_rbs	2.4	0.0	0.0
196	__ribosome	27.85	0.0	0.0
196	__rnase_site_ext	18.5	0.0	0.0
196	p0	0.75	0.0	0.0
196	protein1	997.8	18.4	1.8113397
196	protein2	1003.15	19.05	1.7615614000000002
196	protein3	197.35	3.6	1.7129167000000003
196	r2	3.75	0.0	0.0
196	rnapol	0.7	0.0	0.0
197	__protein1_rbs	11.95	0.0	0.0
197	__protein2_rbs	11.7	0.0	0.0
197	__protein3_rbs	2.25	0.0	0.0
197	__ribosome	28.45	0.0	0.0
197	__rnase_site_ext	18.6	0.0	0.0
197	p0	0.85	0.0	0.0
197	protein1	1004.9	18.5	1.7901750999999997
197	protein2	1011.3	19.15	1.7340315500000003
197	protein3	198.85	3.6	1.7049999999999996
197	r2	3.85	0.0	0.0
197	rnapol	0.75	0.0	0.0
198	__protein1_rbs	11.7	0.0	0.0
198	__protein2_rbs	12.0	0.0	0.0
198	__protein3_rbs	2.35	0.0	0.0
198	__ribosome	27.6	0.0	0.0
198	__rnase_site_ext	18.65	0.0	0.0
198	p0	0.7	0.0	0.0
198	protein1	1012.85	18.6	1.7810134499999997
198	protein2	1017.95	18.95	1.8113938499999995
198	protein3	200.4	3.75	1.6958333499999998
198	r2	3.8	0.0	0.0
198	rnapol	0.65	0.0	0.0
199	__protein1_rbs	12.05	0.0	0.0
199	__protein2_rbs	12.8	0.0	0.0
199	__protein3_rbs	2.6	0.0	0.0
199	__ribosome	27.0	0.0	0.0
199	__rnase_site_ext	18.2	0.0	0.0
199	p0	0.9	0.0	0.0
199	protein1	1019.4	18.6	1.80110655
199	protein2	1025.65	19.1	1.7735826499999998
199	protein3	201.5	3.85	1.7375
199	r2	3.8	0.0	0.0
199	rnapol	0.65	0.0	0.0
200	__protein1_rbs	11.85	0.0	0.0
200	__protein2_rbs	12.45	0.0	0.0
200	__protein3_rbs	2.7	0.0	0.0
200	__ribosome	26.05	0.0	0.0
200	__rnase_site_ext	18.4	0.0	0.0
200	p0	0.9	0.0	0.0
200	protein1	1027.0	18.3	1.8038058000000003
200	protein2	1032.0	19.35	1.84048665
200	protein3	203.0	3.85	1.7595833499999998
200	r2	3.75	0.0	0.0
200	rnapol	0.55	0.0	0.0
201	__protein1_rbs	12.55	0.0	0.0
201	__protein2_rbs	12.85	0.0	0.0
201	__protein3_rbs	2.55	0.0	0.0
201	__ribosome	26.8	0.0	0.0
201	__rnase_site_ext	18.4	0.0	0.0
201	p0	0.85	0.0	0.0
201	protein1	1033.25	18.4	1.8127314
201	protein2	1040.45	19.45	1.7680977999999996
201	protein3	204.45	3.85	1.7441666499999997
201	r2	3.7	0.0	0.0
201	rnapol	0.55	0.0	0.0
202	__protein1_rbs	12.3	0.0	0.0
202	__protein2_rbs	12.6	0.0	0.0
202	__protein3_rbs	2.6	0.0	0.0
202	__ribosome	27.7	0.0	0.0
202	__rnase_site_ext	18.35	0.0	0.0
202	p0	0.8	0.0	0.0
202	protein1	1040.7	18.45	1.7767868000000002
202	protein2	1047.95	19.55	1.7573782000000002
202	protein3	205.95	3.8	1.7375
202	r2	3.65	0.0	0.0
202	rnapol	0.55	0.0	0.0
203	__protein1_rbs	11.2	0.0	0.0
203	__protein2_rbs	11.8	0.0	0.0
203	__protein3_rbs	2.85	0.0	0.0
203	__ribosome	27.1	0.0	0.0
203	__rnase_site_ext	18.4	0.0	0.0
203	p0	0.85	0.0	0.0
203	protein1	1048.5	18.4	1.7962391
203	protein2	1055.15	19.3	1.82746055
203	protein3	207.4	3.75	1.73541665
203	r2	3.7	0.0	0.0
203	rnapol	0.6	0.0	0.0
204	__protein1_rbs	11.2	0.0	0.0
204	__protein2_rbs	12.8	0.0	0.0
204	__protein3_rbs	2.55	0.0	0.0
204	__ribosome	27.25	0.0	0.0
204	__rnase_site_ext	18.2	0.0	0.0
204	p0	0.8	0.0	0.0
204	protein1	1055.8	18.4	1.8045972000000003
204	protein2	1063.1	19.5	1.7846429499999996
204	protein3	208.65	3.75	1.75166665
204	r2	3.7	0.0	0.0
204	rnapol	0.55	0.0	0.0
205	__protein1_rbs	12.0	0.0	0.0
205	__protein2_rbs	13.35	0.0	0.0
205	__protein3_rbs	2.45	0.0	0.0
205	__ribosome	27.3	0.0	0.0
205	__rnase_site_ext	18.4	0.0	0.0
205	p0	0.8	0.0	0.0
205	protein1	1062.65	18.35	1.81493895
205	protein2	1070.4	19.65	1.7794175
205	protein3	210.4	3.7	1.71940485
205	r2	3.85	0.0	0.0
205	rnapol	0.6	0.0	0.0
206	__protein1_rbs	12.4	0.0	0.0
206	__protein2_rbs	13.45	0.0	0.0
206	__protein3_rbs	2.55	0.0	0.0
206	__ribosome	26.7	0.0	0.0
206	__rnase_site_ext	18.3	0.0	0.0
206	p0	0.75	0.0	0.0
206	protein1	1069.2	18.35	1.82451675
206	protein2	1077.5	19.7	1.79957745
206	protein3	211.65	3.75	1.6333333000000003
206	r2	3.7	0.0	0.0
206	rnapol	0.35	0.0	0.0
207	__protein1_rbs	11.45	0.0	0.0
207	__protein2_rbs	12.85	0.0	0.0
207	__protein3_rbs	2.75	0.0	0.0
207	__ribosome	27.4	0.0	0.0
207	__rnase_site_ext	18.25	0.0	0.0
207	p0	0.85	0.0	0.0
207	protein1	1077.0	18.3	1.8074826
207	protein2	1085.55	19.85	1.7619693999999997
207	protein3	213.1	3.85	1.5395238000000002
207	r2	3.75	0.0	0.0
207	rnapol	0.3	0.0	0.0
208	__protein1_rbs	11.85	0.0	0.0
208	__protein2_rbs	12.9	0.0	0.0
208	__protein3_rbs	2.65	0.0	0.0
208	__ribosome	27.7	0.0	0.0
208	__rnase_site_ext	18.2	0.0	0.0
208	p0	0.95	0.0	0.0
208	protein1	1084.25	18.25	1.7936496000000002
208	protein2	1093.7	20.1	1.7343617999999998
208	protein3	214.15	3.9	1.5514880999999998
208	r2	3.7	0.0	0.0
208	rnapol	0.4	0.0	0.0
209	__protein1_rbs	11.55	0.0	0.0
209	__protein2_rbs	12.85	0.0	0.0
209	__protein3_rbs	2.4	0.0	0.0
209	__ribosome	27.25	0.0	0.0
209	__rnase_site_ext	18.2	0.0	0.0
209	p0	0.75	0.0	0.0
209	protein1	1091.65	18.15	1.7970186000000001
209	protein2	1101.05	20.1	1.7805788999999994
209	protein3	215.75	3.8	1.7114881000000002
209	r2	3.7	0.0	0.0
209	rnapol	0.35	0.0	0.0
210	__protein1_rbs	11.8	0.0	0.0
210	__protein2_rbs	13.1	0.0	0.0
210	__protein3_rbs	2.4	0.0	0.0
210	__ribosome	27.45	0.0	0.0
210	__rnase_site_ext	18.2	0.0	0.0
210	p0	0.9	0.0	0.0
210	protein1	1098.65	18.2	1.8107296999999998
210	protein2	1109.45	20.15	1.76513365
210	protein3	217.1	3.75	1.8227381
210	r2	3.65	0.0	0.0
210	rnapol	0.7	0.0	0.0
211	__protein1_rbs	12.3	0.0	0.0
211	__protein2_rbs	12.9	0.0	0.0
211	__protein3_rbs	2.6	0.0	0.0
211	__ribosome	26.5	0.0	0.0
211	__rnase_site_ext	18.2	0.0	0.0
211	p0	0.85	0.0	0.0
211	protein1	1105.55	18.2	1.80953515
211	protein2	1116.45	20.15	1.8206767500000005
211	protein3	218.3	3.75	1.84583335
211	r2	3.65	0.0	0.0
211	rnapol	0.65	0.0	0.0
212	__protein1_rbs	11.65	0.0	0.0
212	__protein2_rbs	14.2	0.0	0.0
212	__protein3_rbs	2.5	0.0	0.0
212	__ribosome	26.95	0.0	0.0
212	__rnase_site_ext	18.35	0.0	0.0
212	p0	0.6	0.0	0.0
212	protein1	1112.7	18.2	1.8087856
212	protein2	1123.6	20.25	1.7935014500000002
212	protein3	219.9	3.75	1.7683333500000002
212	r2	3.7	0.0	0.0
212	rnapol	0.7	0.0	0.0
213	__protein1_rbs	12.4	0.0	0.0
213	__protein2_rbs	12.7	0.0	0.0
213	__protein3_rbs	1.8	0.0	0.0
213	__ribosome	26.9	0.0	0.0
213	__rnase_site_ext	18.6	0.0	0.0
213	p0	0.85	0.0	0.0
213	protein1	1120.25	18.4	1.7249537499999998
213	protein2	1131.85	20.35	1.7982285499999997
213	protein3	221.05	3.7	1.90916665
213	r2	3.75	0.0	0.0
213	rnapol	0.7	0.0	0.0
214	__protein1_rbs	11.85	0.0	0.0
214	__protein2_rbs	13.45	0.0	0.0
214	__protein3_rbs	2.55	0.0	0.0
214	__ribosome	27.75	0.0	0.0
214	__rnase_site_ext	18.5	0.0	0.0
214	p0	0.75	0.0	0.0
214	protein1	1127.05	18.55	1.7454129499999995
214	protein2	1140.1	19.85	1.7644383999999995
214	protein3	222.35	3.7	1.92875005
214	r2	3.95	0.0	0.0
214	rnapol	0.55	0.0	0.0
215	__protein1_rbs	12.5	0.0	0.0
215	__protein2_rbs	12.8	0.0	0.0
215	__protein3_rbs	2.25	0.0	0.0
215	__ribosome	27.8	0.0	0.0
215	__rnase_site_ext	18.6	0.0	0.0
215	p0	0.75	0.0	0.0
215	protein1	1134.0	18.6	1.7534982
215	protein2	1148.4	19.85	1.7488569500000004
215	protein3	223.7	3.8	1.9116667
215	r2	3.9	0.0	0.0
215	rnapol	0.4	0.0	0.0
216	__protein1_rbs	12.15	0.0	0.0
216	__protein2_rbs	13.0	0.0	0.0
216	__protein3_rbs	2.8	0.0	0.0
216	__ribosome	27.05	0.0	0.0
216	__rnase_site_ext	18.7	0.0	0.0
216	p0	0.85	0.0	0.0
216	protein1	1140.95	18.6	1.78755085
216	protein2	1155.85	19.8	1.7597205500000002
216	protein3	225.2	3.95	1.8722221999999997
216	r2	4.0	0.0	0.0
216	rnapol	0.4	0.0	0.0
217	__protein1_rbs	12.45	0.0	0.0
217	__protein2_rbs	12.9	0.0	0.0
217	__protein3_rbs	2.75	0.0	0.0
217	__ribosome	26.85	0.0	0.0
217	__rnase_site_ext	18.75	0.0	0.0
217	p0	0.9	0.0	0.0
217	protein1	1147.95	18.75	1.7750444
217	protein2	1163.75	19.95	1.76426415
217	protein3	226.65	3.95	1.8697222
217	r2	4.1	0.0	0.0
217	rnapol	0.45	0.0	0.0
218	__protein1_rbs	11.75	0.0	0.0
218	__protein2_rbs	13.2	0.0	0.0
218	__protein3_rbs	2.65	0.0	0.0
218	__ribosome	25.95	0.0	0.0
218	__rnase_site_ext	18.65	0.0	0.0
218	p0	0.9	0.0	0.0
218	protein1	1155.35	18.7	1.774802949999999
218	protein2	1170.75	19.75	1.79918415
218	protein3	228.0	4.1	1.805
218	r2	4.0	0.0	0.0
218	rnapol	0.65	0.0	0.0
219	__protein1_rbs	12.8	0.0	0.0
219	__protein2_rbs	12.4	0.0	0.0
219	__protein3_rbs	2.75	0.0	0.0
219	__ribosome	26.65	0.0	0.0
219	__rnase_site_ext	18.7	0.0	0.0
219	p0	0.9	0.0	0.0
219	protein1	1162.55	18.7	1.7692513999999997
219	protein2	1179.3	19.8	1.7617534
219	protein3	229.7	4.15	1.85464285
219	r2	4.0	0.0	0.0
219	rnapol	0.7	0.0	0.0
220	__protein1_rbs	11.95	0.0	0.0
220	__protein2_rbs	12.55	0.0	0.0
220	__protein3_rbs	2.35	0.0	0.0
220	__ribosome	25.1	0.0	0.0
220	__rnase_site_ext	18.4	0.0	0.0
220	p0	0.8	0.0	0.0
220	protein1	1170.2	18.6	1.76622375
220	protein2	1185.9	20.0	1.8331712
220	protein3	231.55	4.1	1.9163095
220	r2	3.95	0.0	0.0
220	rnapol	0.75	0.0	0.0
221	__protein1_rbs	12.05	0.0	0.0
221	__protein2_rbs	13.25	0.0	0.0
221	__protein3_rbs	2.55	0.0	0.0
221	__ribosome	24.9	0.0	0.0
221	__rnase_site_ext	18.45	0.0	0.0
221	p0	0.7	0.0	0.0
221	protein1	1177.1	18.4	1.8041793999999998
221	protein2	1194.15	19.85	1.8161211
221	protein3	232.7	4.05	inf
221	r2	4.0	0.0	0.0
221	rnapol	0.65	0.0	0.0
222	__protein1_rbs	12.2	0.0	0.0
222	__protein2_rbs	12.55	0.0	0.0
222	__protein3_rbs	2.55	0.0	0.0
222	__ribosome	23.85	0.0	0.0
222	__rnase_site_ext	18.45	0.0	0.0
222	p0	0.85	0.0	0.0
222	protein1	1183.65	18.45	1.8358615499999995
222	protein2	1202.0	19.95	1.8277185
222	protein3	234.3	3.95	inf
222	r2	4.05	0.0	0.0
222	rnapol	0.7	0.0	0.0
223	__protein1_rbs	12.2	0.0	0.0
223	__protein2_rbs	13.4	0.0	0.0
223	__protein3_rbs	2.35	0.0	0.0
223	__ribosome	25.15	0.0	0.0
223	__rnase_site_ext	18.5	0.0	0.0
223	p0	0.85	0.0	0.0
223	protein1	1191.6	18.45	1.7735897
223	protein2	1209.3	19.75	1.85663235
223	protein3	235.95	4.0	inf
223	r2	4.05	0.0	0.0
223	rnapol	0.8	0.0	0.0
224	__protein1_rbs	11.85	0.0	0.0
224	__protein2_rbs	12.85	0.0	0.0
224	__protein3_rbs	2.8	0.0	0.0
224	__ribosome	26.1	0.0	0.0
224	__rnase_site_ext	18.9	0.0	0.0
224	p0	0.65	0.0	0.0
224	protein1	1198.4	18.5	1.8233703500000005
224	protein2	1218.3	19.8	1.7716551000000005
224	protein3	237.9	4.05	inf
224	r2	4.1	0.0	0.0
224	rnapol	0.7	0.0	0.0
225	__protein1_rbs	12.1	0.0	0.0
225	__protein2_rbs	13.3	0.0	0.0
225	__protein3_rbs	3.1	0.0	0.0
225	__ribosome	25.55	0.0	0.0
225	__rnase_site_ext	18.95	0.0	0.0
225	p0	0.9	0.0	0.0
225	protein1	1205.65	18.8	1.8128339500000004
225	protein2	1225.65	19.85	1.7835779500000002
225	protein3	239.25	4.15	1.59833335
225	r2	4.15	0.0	0.0
225	rnapol	0.7	0.0	0.0
226	__protein1_rbs	12.7	0.0	0.0
226	__protein2_rbs	12.95	0.0	0.0
226	__protein3_rbs	2.8	0.0	0.0
226	__ribosome	26.4	0.0	0.0
226	__rnase_site_ext	18.95	0.0	0.0
226	p0	0.75	0.0	0.0
226	protein1	1213.35	18.95	1.7992531500000002
226	protein2	1234.1	19.85	1.75408665
226	protein3	241.15	4.1	1.48999995
226	r2	4.0	0.0	0.0
226	rnapol	0.65	0.0	0.0
227	__protein1_rbs	12.9	0.0	0.0
227	__protein2_rbs	13.0	0.0	0.0
227	__protein3_rbs	2.9	0.0	0.0
227	__ribosome	25.45	0.0	0.0
227	__rnase_site_ext	18.95	0.0	0.0
227	p0	0.9	0.0	0.0
227	protein1	1220.15	18.9	1.8204909
227	protein2	1241.25	19.95	1.7725432499999996
227	protein3	242.65	4.15	1.47125
227	r2	4.1	0.0	0.0
227	rnapol	0.75	0.0	0.0
228	__protein1_rbs	12.5	0.0	0.0
228	__protein2_rbs	14.0	0.0	0.0
228	__protein3_rbs	2.95	0.0	0.0
228	__ribosome	26.35	0.0	0.0
228	__rnase_site_ext	19.05	0.0	0.0
228	p0	0.8	0.0	0.0
228	protein1	1227.8	18.9	1.80061445
228	protein2	1249.2	20.05	1.7386913999999998
228	protein3	244.2	4.1	1.5973611499999998
228	r2	4.05	0.0	0.0
228	rnapol	0.7	0.0	0.0
229	__protein1_rbs	12.35	0.0	0.0
229	__protein2_rbs	13.0	0.0	0.0
229	__protein3_rbs	2.9	0.0	0.0
229	__ribosome	25.35	0.0	0.0
229	__rnase_site_ext	19.1	0.0	0.0
229	p0	0.85	0.0	0.0
229	protein1	1235.1	19.05	1.7971327000000001
229	protein2	1257.0	20.1	1.7826728999999997
229	protein3	245.55	4.1	1.6451388999999998
229	r2	4.0	0.0	0.0
229	rnapol	0.85	0.0	0.0
230	__protein1_rbs	13.4	0.0	0.0
230	__protein2_rbs	13.4	0.0	0.0
230	__protein3_rbs	2.95	0.0	0.0
230	__ribosome	27.1	0.0	0.0
230	__rnase_site_ext	19.1	0.0	0.0
230	p0	0.85	0.0	0.0
230	protein1	1243.35	19.1	1.7056156999999998
230	protein2	1264.9	20.0	1.7857283
230	protein3	247.25	4.1	1.5141666999999999
230	r2	3.95	0.0	0.0
230	rnapol	0.75	0.0	0.0
231	__protein1_rbs	12.25	0.0	0.0
231	__protein2_rbs	12.9	0.0	0.0
231	__protein3_rbs	2.9	0.0	0.0
231	__ribosome	27.25	0.0	0.0
231	__rnase_site_ext	19.2	0.0	0.0
231	p0	0.8	0.0	0.0
231	protein1	1251.65	19.05	1.6950039
231	protein2	1272.95	20.4	1.77770085
231	protein3	248.7	4.0	1.5174999999999998
231	r2	4.0	0.0	0.0
231	rnapol	0.75	0.0	0.0
232	__protein1_rbs	12.65	0.0	0.0
232	__protein2_rbs	13.4	0.0	0.0
232	__protein3_rbs	2.55	0.0	0.0
232	__ribosome	25.7	0.0	0.0
232	__rnase_site_ext	19.2	0.0	0.0
232	p0	0.8	0.0	0.0
232	protein1	1258.35	19.15	1.7382677499999997
232	protein2	1280.4	20.3	1.80594315
232	protein3	249.9	4.0	1.53625
232	r2	3.9	0.0	0.0
232	rnapol	0.8	0.0	0.0
233	__protein1_rbs	12.5	0.0	0.0
233	__protein2_rbs	13.05	0.0	0.0
233	__protein3_rbs	2.65	0.0	0.0
233	__ribosome	25.55	0.0	0.0
233	__rnase_site_ext	19.2	0.0	0.0
233	p0	0.75	0.0	0.0
233	protein1	1265.75	19.15	1.7471457999999995
233	protein2	1288.65	20.35	1.78435665
233	protein3	251.55	4.0	1.49347215
233	r2	3.85	0.0	0.0
233	rnapol	0.7	0.0	0.0
234	__protein1_rbs	11.8	0.0	0.0
234	__protein2_rbs	13.25	0.0	0.0
234	__protein3_rbs	2.7	0.0	0.0
234	__ribosome	24.5	0.0	0.0
234	__rnase_site_ext	19.5	0.0	0.0
234	p0	0.65	0.0	0.0
234	protein1	1273.15	19.2	1.78432715
234	protein2	1296.7	20.25	1.83006725
234	protein3	252.95	3.95	1.5447222
234	r2	3.85	0.0	0.0
234	rnapol	0.45	0.0	0.0
235	__protein1_rbs	12.8	0.0	0.0
235	__protein2_rbs	14.45	0.0	0.0
235	__protein3_rbs	2.7	0.0	0.0
235	__ribosome	25.35	0.0	0.0
235	__rnase_site_ext	19.65	0.0	0.0
235	p0	0.9	0.0	0.0
235	protein1	1280.5	19.4	1.79016875
235	protein2	1304.9	20.1	1.7600174
235	protein3	254.05	3.85	1.65499995
235	r2	3.8	0.0	0.0
235	rnapol	0.4	0.0	0.0
236	__protein1_rbs	13.45	0.0	0.0
236	__protein2_rbs	12.95	0.0	0.0
236	__protein3_rbs	2.75	0.0	0.0
236	__ribosome	25.3	0.0	0.0
236	__rnase_site_ext	19.5	0.0	0.0
236	p0	0.95	0.0	0.0
236	protein1	1288.15	19.55	1.7403509999999998
236	protein2	1312.25	20.25	1.7807602999999996
236	protein3	255.6	3.9	1.5581945
236	r2	3.8	0.0	0.0
236	rnapol	0.55	0.0	0.0
237	__protein1_rbs	12.95	0.0	0.0
237	__protein2_rbs	12.85	0.0	0.0
237	__protein3_rbs	2.45	0.0	0.0
237	__ribosome	25.3	0.0	0.0
237	__rnase_site_ext	19.45	0.0	0.0
237	p0	0.8	0.0	0.0
237	protein1	1295.75	19.6	1.7416617499999998
237	protein2	1320.45	20.2	1.7999641000000004
237	protein3	257.4	3.8	1.56041665
237	r2	3.8	0.0	0.0
237	rnapol	0.6	0.0	0.0
238	__protein1_rbs	12.8	0.0	0.0
238	__protein2_rbs	12.6	0.0	0.0
238	__protein3_rbs	2.9	0.0	0.0
238	__ribosome	26.25	0.0	0.0
238	__rnase_site_ext	19.55	0.0	0.0
238	p0	0.75	0.0	0.0
238	protein1	1303.6	19.55	1.7309027
238	protein2	1329.2	20.25	1.7657999499999997
238	protein3	258.6	3.8	1.50267855
238	r2	3.9	0.0	0.0
238	rnapol	0.65	0.0	0.0
239	__protein1_rbs	12.15	0.0	0.0
239	__protein2_rbs	12.8	0.0	0.0
239	__protein3_rbs	2.5	0.0	0.0
239	__ribosome	24.3	0.0	0.0
239	__rnase_site_ext	19.65	0.0	0.0
239	p0	0.95	0.0	0.0
239	protein1	1311.35	19.5	1.7557561000000002
239	protein2	1336.8	20.25	1.81726725
239	protein3	259.75	3.8	1.6030159000000002
239	r2	3.8	0.0	0.0
239	rnapol	0.55	0.0	0.0
240	__protein1_rbs	13.0	0.0	0.0
240	__protein2_rbs	14.35	0.0	0.0
240	__protein3_rbs	2.65	0.0	0.0
240	__ribosome	25.05	0.0	0.0
240	__rnase_site_ext	19.45	0.0	0.0
240	p0	0.9	0.0	0.0
240	protein1	1319.25	19.65	1.73542955
240	protein2	1344.35	20.45	1.76293155
240	protein3	261.3	3.9	1.5843254
240	r2	4.0	0.0	0.0
240	rnapol	0.6	0.0	0.0
241	__protein1_rbs	13.2	0.0	0.0
241	__protein2_rbs	13.1	0.0	0.0
241	__protein3_rbs	2.65	0.0	0.0
241	__ribosome	24.85	0.0	0.0
241	__rnase_site_ext	19.3	0.0	0.0
241	p0	0.7	0.0	0.0
241	protein1	1325.9	19.4	1.7796800999999998
241	protein2	1353.05	20.65	1.7414788999999995
241	protein3	262.7	3.85	1.5979365
241	r2	4.05	0.0	0.0
241	rnapol	0.5	0.0	0.0
242	__protein1_rbs	13.35	0.0	0.0
242	__protein2_rbs	13.65	0.0	0.0
242	__protein3_rbs	2.65	0.0	0.0
242	__ribosome	24.7	0.0	0.0
242	__rnase_site_ext	19.4	0.0	0.0
242	p0	0.85	0.0	0.0
242	protein1	1332.95	19.35	1.74889355
242	protein2	1360.85	20.85	1.7464887999999998
242	protein3	264.2	4.0	1.5902976
242	r2	4.0	0.0	0.0
242	rnapol	0.5	0.0	0.0
243	__protein1_rbs	13.25	0.0	0.0
243	__protein2_rbs	14.05	0.0	0.0
243	__protein3_rbs	2.7	0.0	0.0
243	__ribosome	27.7	0.0	0.0
243	__rnase_site_ext	19.45	0.0	0.0
243	p0	0.95	0.0	0.0
243	protein1	1341.95	19.45	1.64598185
243	protein2	1370.0	20.95	1.6730054500000002
243	protein3	265.55	4.05	1.58146825
243	r2	4.05	0.0	0.0
243	rnapol	0.5	0.0	0.0
244	__protein1_rbs	13.05	0.0	0.0
244	__protein2_rbs	13.6	0.0	0.0
244	__protein3_rbs	2.75	0.0	0.0
244	__ribosome	26.6	0.0	0.0
244	__rnase_site_ext	19.45	0.0	0.0
244	p0	0.7	0.0	0.0
244	protein1	1350.35	19.45	1.60239075
244	protein2	1377.0	20.95	1.76182865
244	protein3	266.9	4.0	1.66430555
244	r2	4.0	0.0	0.0
244	rnapol	0.55	0.0	0.0
245	__protein1_rbs	13.05	0.0	0.0
245	__protein2_rbs	13.65	0.0	0.0
245	__protein3_rbs	2.45	0.0	0.0
245	__ribosome	25.3	0.0	0.0
245	__rnase_site_ext	19.4	0.0	0.0
245	p0	0.85	0.0	0.0
245	protein1	1357.2	19.5	1.6208780500000004
245	protein2	1384.95	20.85	1.7919187000000003
245	protein3	268.45	4.1	1.73226185
245	r2	4.0	0.0	0.0
245	rnapol	0.35	0.0	0.0
246	__protein1_rbs	12.95	0.0	0.0
246	__protein2_rbs	13.85	0.0	0.0
246	__protein3_rbs	2.7	0.0	0.0
246	__ribosome	25.8	0.0	0.0
246	__rnase_site_ext	19.3	0.0	0.0
246	p0	0.9	0.0	0.0
246	protein1	1364.35	19.4	1.63236515
246	protein2	1393.75	20.9	1.7595955000000003
246	protein3	270.0	4.05	1.7352381
246	r2	3.95	0.0	0.0
246	rnapol	1.0	0.0	0.0
247	__protein1_rbs	11.9	0.0	0.0
247	__protein2_rbs	14.15	0.0	0.0
247	__protein3_rbs	2.5	0.0	0.0
247	__ribosome	25.2	0.0	0.0
247	__rnase_site_ext	19.3	0.0	0.0
247	p0	0.85	0.0	0.0
247	protein1	1370.9	19.3	1.7387584500000002
247	protein2	1402.55	20.7	1.71402985
247	protein3	271.7	4.1	1.6667857500000005
247	r2	4.05	0.0	0.0
247	rnapol	1.05	0.0	0.0
248	__protein1_rbs	12.3	0.0	0.0
248	__protein2_rbs	13.6	0.0	0.0
248	__protein3_rbs	3.2	0.0	0.0
248	__ribosome	24.55	0.0	0.0
248	__rnase_site_ext	19.45	0.0	0.0
248	p0	0.8	0.0	0.0
248	protein1	1378.65	19.3	1.7499217000000002
248	protein2	1410.8	20.75	1.7346218999999998
248	protein3	273.0	4.1	1.65625
248	r2	4.1	0.0	0.0
248	rnapol	0.85	0.0	0.0
249	__protein1_rbs	12.55	0.0	0.0
249	__protein2_rbs	12.85	0.0	0.0
249	__protein3_rbs	2.8	0.0	0.0
249	__ribosome	23.65	0.0	0.0
249	__rnase_site_ext	19.4	0.0	0.0
249	p0	0.65	0.0	0.0
249	protein1	1386.1	19.35	1.7526224999999998
249	protein2	1418.85	20.95	1.76657265
249	protein3	275.05	4.1	1.5017857
249	r2	4.05	0.0	0.0
249	rnapol	0.6	0.0	0.0
250	__protein1_rbs	12.5	0.0	0.0
250	__protein2_rbs	14.65	0.0	0.0
250	__protein3_rbs	2.7	0.0	0.0
250	__ribosome	25.15	0.0	0.0
250	__rnase_site_ext	19.35	0.0	0.0
250	p0	0.75	0.0	0.0
250	protein1	1393.7	19.4	1.7651577500000002
250	protein2	1427.1	21.0	1.6978176500000004
250	protein3	276.75	4.1	1.4683333
250	r2	4.0	0.0	0.0
250	rnapol	0.55	0.0	0.0
