time	species	protein	transcript	ribo_density
0	__protein1_rbs	0.0	0.0	0.0
0	__protein2_rbs	0.0	0.0	0.0
0	__protein3_rbs	0.0	0.0	0.0
0	__ribosome	100.0	0.0	0.0
0	__rnase_site_ext	0.0	0.0	0.0
0	p0	1.0	0.0	0.0
0	p1	1.0	0.0	0.0
0	r2	0.0	0.0	0.0
0	rnapol	4.0	0.0	0.0
1	__protein1_rbs	0.0	0.0	0.0
1	__protein2_rbs	0.0	0.0	0.0
1	__protein3_rbs	0.0	0.0	0.0
1	__ribosome	100.0	0.0	0.0
1	__rnase_site_ext	0.8	0.0	0.0
1	p0	0.4	0.0	0.0
1	p1	0.8	0.0	0.0
1	r2	0.0	0.0	0.0
1	rnapol	3.0	0.0	0.0
2	__protein1_rbs	0.2	0.0	0.0
2	__protein2_rbs	0.2	0.0	0.0
2	__protein3_rbs	0.0	0.0	0.0
2	__ribosome	100.0	0.0	0.0
2	__rnase_site_ext	1.2	0.0	0.0
2	p0	0.4	0.0	0.0
2	p1	0.8	0.0	0.0
2	protein1	0.0	0.2	0.0
2	protein2	0.0	0.2	0.0
2	r2	0.0	0.0	0.0
2	rnapol	2.2	0.0	0.0
3	__protein1_rbs	0.2	0.0	0.0
3	__protein2_rbs	0.0	0.0	0.0
3	__protein3_rbs	0.0	0.0	0.0
3	__ribosome	99.0	0.0	0.0
3	__rnase_site_ext	1.6	0.0	0.0
3	p0	0.8	0.0	0.0
3	p1	1.0	0.0	0.0
3	protein1	0.0	1.0	0.8
3	protein2	0.0	0.0	inf
3	r2	0.0	0.0	0.0
3	rnapol	2.0	0.0	0.0
4	__protein1_rbs	0.6	0.0	0.0
4	__protein2_rbs	0.2	0.0	0.0
4	__protein3_rbs	0.0	0.0	0.0
4	__ribosome	98.2	0.0	0.0
4	__rnase_site_ext	2.4	0.0	0.0
4	p0	0.8	0.0	0.0
4	p1	0.6	0.0	0.0
4	protein1	0.0	1.4	1.1
4	protein2	0.0	0.2	inf
4	r2	0.0	0.0	0.0
4	rnapol	1.4	0.0	0.0
5	__protein1_rbs	0.6	0.0	0.0
5	__protein2_rbs	0.4	0.0	0.0
5	__protein3_rbs	0.0	0.0	0.0
5	__ribosome	97.2	0.0	0.0
5	__rnase_site_ext	2.4	0.0	0.0
5	p0	0.8	0.0	0.0
5	p1	0.6	0.0	0.0
5	protein1	0.0	1.6	1.6
5	protein2	0.0	0.6	inf
5	r2	0.0	0.0	0.0
5	rnapol	0.8	0.0	0.0
6	__protein1_rbs	0.4	0.0	0.0
6	__protein2_rbs	0.2	0.0	0.0
6	__protein3_rbs	0.0	0.0	0.0
6	__ribosome	95.6	0.0	0.0
6	__rnase_site_ext	3.2	0.0	0.0
6	p0	1.0	0.0	0.0
6	p1	1.0	0.0	0.0
6	protein1	0.0	1.8	2.2
6	protein2	0.0	0.6	inf
6	r2	0.2	0.0	0.0
6	rnapol	0.6	0.0	0.0
7	__protein1_rbs	0.6	0.0	0.0
7	__protein2_rbs	0.4	0.0	0.0
7	__protein3_rbs	0.0	0.0	0.0
7	__ribosome	93.4	0.0	0.0
7	__rnase_site_ext	3.2	0.0	0.0
7	p0	0.8	0.0	0.0
7	p1	1.0	0.0	0.0
7	protein1	0.0	2.2	2.7333334
7	protein2	0.0	1.0	inf
7	r2	0.2	0.0	0.0
7	rnapol	0.4	0.0	0.0
8	__protein1_rbs	0.4	0.0	0.0
8	__protein2_rbs	0.8	0.0	0.0
8	__protein3_rbs	0.0	0.0	0.0
8	__ribosome	92.6	0.0	0.0
8	__rnase_site_ext	3.2	0.0	0.0
8	p0	1.0	0.0	0.0
8	p1	0.8	0.0	0.0
8	protein1	0.6	2.2	3.0
8	protein2	0.2	1.0	0.8
8	r2	0.4	0.0	0.0
8	rnapol	0.4	0.0	0.0
9	__protein1_rbs	1.2	0.0	0.0
9	__protein2_rbs	0.4	0.0	0.0
9	__protein3_rbs	0.0	0.0	0.0
9	__ribosome	91.4	0.0	0.0
9	__rnase_site_ext	3.2	0.0	0.0
9	p0	1.0	0.0	0.0
9	p1	0.0	0.0	0.0
9	protein1	1.2	2.4	2.8
9	protein2	0.2	1.0	1.1333334000000002
9	r2	0.6	0.0	0.0
9	rnapol	0.6	0.0	0.0
10	__protein1_rbs	0.6	0.0	0.0
10	__protein2_rbs	0.2	0.0	0.0
10	__protein3_rbs	0.0	0.0	0.0
10	__ribosome	91.0	0.0	0.0
10	__rnase_site_ext	3.4	0.0	0.0
10	p0	0.8	0.0	0.0
10	p1	0.2	0.0	0.0
10	protein1	2.4	2.2	inf
10	protein2	0.6	1.0	1.4
10	r2	0.8	0.0	0.0
10	rnapol	0.4	0.0	0.0
11	__protein1_rbs	1.0	0.0	0.0
11	__protein2_rbs	0.6	0.0	0.0
11	__protein3_rbs	0.0	0.0	0.0
11	__ribosome	90.0	0.0	0.0
11	__rnase_site_ext	3.6	0.0	0.0
11	p0	0.6	0.0	0.0
11	p1	0.6	0.0	0.0
11	protein1	3.8	2.4	inf
11	protein2	0.6	1.6	1.55
11	protein3	0.0	0.2	0.2
11	r2	1.2	0.0	0.0
11	rnapol	0.2	0.0	0.0
12	__protein1_rbs	0.6	0.0	0.0
12	__protein2_rbs	0.8	0.0	0.0
12	__protein3_rbs	0.2	0.0	0.0
12	__ribosome	88.6	0.0	0.0
12	__rnase_site_ext	3.8	0.0	0.0
12	p0	1.0	0.0	0.0
12	p1	0.6	0.0	0.0
12	protein1	5.2	2.4	2.3999998
12	protein2	1.2	2.2	1.55
12	protein3	0.0	0.2	0.2
12	r2	1.0	0.0	0.0
12	rnapol	0.4	0.0	0.0
13	__protein1_rbs	1.0	0.0	0.0
13	__protein2_rbs	1.0	0.0	0.0
13	__protein3_rbs	0.0	0.0	0.0
13	__ribosome	86.6	0.0	0.0
13	__rnase_site_ext	3.8	0.0	0.0
13	p0	0.6	0.0	0.0
13	p1	0.4	0.0	0.0
13	protein1	6.6	2.8	2.3500002
13	protein2	1.4	2.4	1.9833333999999998
13	protein3	0.0	0.4	0.6
13	r2	1.0	0.0	0.0
13	rnapol	0.0	0.0	0.0
14	__protein1_rbs	1.0	0.0	0.0
14	__protein2_rbs	1.0	0.0	0.0
14	__protein3_rbs	0.0	0.0	0.0
14	__ribosome	84.4	0.0	0.0
14	__rnase_site_ext	4.2	0.0	0.0
14	p0	0.8	0.0	0.0
14	p1	0.6	0.0	0.0
14	protein1	7.4	2.8	2.7166666
14	protein2	2.0	2.8	2.0833332
14	protein3	0.0	0.6	1.0
14	r2	1.0	0.0	0.0
14	rnapol	0.0	0.0	0.0
15	__protein1_rbs	1.6	0.0	0.0
15	__protein2_rbs	0.8	0.0	0.0
15	__protein3_rbs	0.0	0.0	0.0
15	__ribosome	82.4	0.0	0.0
15	__rnase_site_ext	4.2	0.0	0.0
15	p0	1.0	0.0	0.0
15	p1	0.6	0.0	0.0
15	protein1	9.0	3.2	2.5
15	protein2	2.6	3.0	2.4666666
15	protein3	0.0	0.6	1.4
15	r2	1.6	0.0	0.0
15	rnapol	0.4	0.0	0.0
16	__protein1_rbs	1.0	0.0	0.0
16	__protein2_rbs	2.0	0.0	0.0
16	__protein3_rbs	0.0	0.0	0.0
16	__ribosome	81.6	0.0	0.0
16	__rnase_site_ext	4.4	0.0	0.0
16	p0	0.8	0.0	0.0
16	p1	1.0	0.0	0.0
16	protein1	10.2	3.2	2.75
16	protein2	3.4	3.2	2.5
16	protein3	0.2	0.6	1.4
16	r2	2.2	0.0	0.0
16	rnapol	0.6	0.0	0.0
17	__protein1_rbs	0.6	0.0	0.0
17	__protein2_rbs	1.0	0.0	0.0
17	__protein3_rbs	0.0	0.0	0.0
17	__ribosome	79.0	0.0	0.0
17	__rnase_site_ext	4.8	0.0	0.0
17	p0	0.8	0.0	0.0
17	p1	0.8	0.0	0.0
17	protein1	12.0	3.2	3.0
17	protein2	4.6	3.4	2.65
17	protein3	0.2	0.6	2.0
17	r2	2.4	0.0	0.0
17	rnapol	0.2	0.0	0.0
18	__protein1_rbs	1.4	0.0	0.0
18	__protein2_rbs	2.0	0.0	0.0
18	__protein3_rbs	0.2	0.0	0.0
18	__ribosome	79.0	0.0	0.0
18	__rnase_site_ext	4.6	0.0	0.0
18	p0	1.0	0.0	0.0
18	p1	0.6	0.0	0.0
18	protein1	13.6	3.6	2.8
18	protein2	6.4	3.4	2.6666668
18	protein3	0.6	0.6	2.0
18	r2	2.8	0.0	0.0
18	rnapol	0.2	0.0	0.0
19	__protein1_rbs	2.4	0.0	0.0
19	__protein2_rbs	1.0	0.0	0.0
19	__protein3_rbs	0.4	0.0	0.0
19	__ribosome	78.8	0.0	0.0
19	__rnase_site_ext	4.6	0.0	0.0
19	p0	0.8	0.0	0.0
19	p1	0.4	0.0	0.0
19	protein1	15.6	3.6	2.66
19	protein2	7.8	3.4	2.9166668
19	protein3	0.6	0.6	2.0
19	r2	3.0	0.0	0.0
19	rnapol	0.6	0.0	0.0
20	__protein1_rbs	1.4	0.0	0.0
20	__protein2_rbs	1.0	0.0	0.0
20	__protein3_rbs	0.6	0.0	0.0
20	__ribosome	77.6	0.0	0.0
20	__rnase_site_ext	5.2	0.0	0.0
20	p0	0.6	0.0	0.0
20	p1	0.8	0.0	0.0
20	protein1	17.2	3.4	3.2933334000000003
20	protein2	9.4	3.6	2.9966668
20	protein3	1.0	1.0	1.7
20	r2	3.0	0.0	0.0
20	rnapol	0.4	0.0	0.0
21	__protein1_rbs	0.8	0.0	0.0
21	__protein2_rbs	2.0	0.0	0.0
21	__protein3_rbs	0.2	0.0	0.0
21	__ribosome	76.2	0.0	0.0
21	__rnase_site_ext	5.4	0.0	0.0
21	p0	1.0	0.0	0.0
21	p1	0.8	0.0	0.0
21	protein1	18.8	3.8	2.9266666
21	protein2	11.0	4.0	2.6833332000000003
21	protein3	1.6	1.0	2.0
21	r2	3.2	0.0	0.0
21	rnapol	0.6	0.0	0.0
22	__protein1_rbs	1.0	0.0	0.0
22	__protein2_rbs	1.2	0.0	0.0
22	__protein3_rbs	0.8	0.0	0.0
22	__ribosome	75.6	0.0	0.0
22	__rnase_site_ext	5.2	0.0	0.0
22	p0	1.0	0.0	0.0
22	p1	0.6	0.0	0.0
22	protein1	21.0	4.0	2.81
22	protein2	13.4	4.4	2.58
22	protein3	2.0	1.0	1.8
22	r2	3.2	0.0	0.0
22	rnapol	0.6	0.0	0.0
23	__protein1_rbs	2.0	0.0	0.0
23	__protein2_rbs	2.2	0.0	0.0
23	__protein3_rbs	0.2	0.0	0.0
23	__ribosome	74.8	0.0	0.0
23	__rnase_site_ext	5.4	0.0	0.0
23	p0	1.0	0.0	0.0
23	p1	0.6	0.0	0.0
23	protein1	23.0	4.0	2.58
23	protein2	14.8	4.4	2.6866666
23	protein3	2.2	1.0	2.3
23	r2	3.4	0.0	0.0
23	rnapol	0.4	0.0	0.0
24	__protein1_rbs	1.2	0.0	0.0
24	__protein2_rbs	2.0	0.0	0.0
24	__protein3_rbs	0.4	0.0	0.0
24	__ribosome	73.2	0.0	0.0
24	__rnase_site_ext	5.4	0.0	0.0
24	p0	0.8	0.0	0.0
24	p1	0.6	0.0	0.0
24	protein1	24.8	3.8	3.04
24	protein2	17.0	4.8	2.6404762
24	protein3	2.6	1.0	2.4
24	r2	3.6	0.0	0.0
24	rnapol	0.4	0.0	0.0
25	__protein1_rbs	2.4	0.0	0.0
25	__protein2_rbs	2.2	0.0	0.0
25	__protein3_rbs	0.6	0.0	0.0
25	__ribosome	74.4	0.0	0.0
25	__rnase_site_ext	5.6	0.0	0.0
25	p0	1.0	0.0	0.0
25	p1	0.6	0.0	0.0
25	protein1	26.8	3.8	2.85
25	protein2	19.6	5.0	2.4304762
25	protein3	3.2	1.0	2.3
25	r2	3.6	0.0	0.0
25	rnapol	0.8	0.0	0.0
26	__protein1_rbs	1.2	0.0	0.0
26	__protein2_rbs	3.0	0.0	0.0
26	__protein3_rbs	0.2	0.0	0.0
26	__ribosome	73.8	0.0	0.0
26	__rnase_site_ext	5.6	0.0	0.0
26	p0	1.0	0.0	0.0
26	p1	0.8	0.0	0.0
26	protein1	29.2	4.0	2.74
26	protein2	21.8	5.4	2.3409522000000003
26	protein3	3.6	1.0	2.5
26	r2	4.0	0.0	0.0
26	rnapol	1.2	0.0	0.0
27	__protein1_rbs	2.2	0.0	0.0
27	__protein2_rbs	2.4	0.0	0.0
27	__protein3_rbs	0.6	0.0	0.0
27	__ribosome	73.2	0.0	0.0
27	__rnase_site_ext	6.2	0.0	0.0
27	p0	0.8	0.0	0.0
27	p1	0.2	0.0	0.0
27	protein1	31.0	4.0	2.76
27	protein2	24.2	5.2	2.56
27	protein3	4.2	1.2	2.3
27	r2	4.2	0.0	0.0
27	rnapol	0.8	0.0	0.0
28	__protein1_rbs	2.2	0.0	0.0
28	__protein2_rbs	1.6	0.0	0.0
28	__protein3_rbs	0.0	0.0	0.0
28	__ribosome	73.0	0.0	0.0
28	__rnase_site_ext	6.2	0.0	0.0
28	p0	1.0	0.0	0.0
28	p1	0.4	0.0	0.0
28	protein1	33.6	4.2	2.5466666
28	protein2	27.0	5.4	2.5821428
28	protein3	5.0	1.2	2.2
28	r2	4.4	0.0	0.0
28	rnapol	1.0	0.0	0.0
29	__protein1_rbs	1.8	0.0	0.0
29	__protein2_rbs	3.2	0.0	0.0
29	__protein3_rbs	0.8	0.0	0.0
29	__ribosome	71.8	0.0	0.0
29	__rnase_site_ext	6.2	0.0	0.0
29	p0	0.8	0.0	0.0
29	p1	1.0	0.0	0.0
29	protein1	35.8	4.4	2.48
29	protein2	29.2	6.2	2.3866666000000003
29	protein3	5.6	1.4	1.8333334
29	r2	4.6	0.0	0.0
29	rnapol	1.2	0.0	0.0
30	__protein1_rbs	1.4	0.0	0.0
30	__protein2_rbs	2.4	0.0	0.0
30	__protein3_rbs	0.6	0.0	0.0
30	__ribosome	68.8	0.0	0.0
30	__rnase_site_ext	6.4	0.0	0.0
30	p0	0.8	0.0	0.0
30	p1	1.0	0.0	0.0
30	protein1	37.6	4.2	2.8
30	protein2	31.6	6.2	2.57
30	protein3	6.0	1.6	1.9333334
30	r2	4.8	0.0	0.0
30	rnapol	1.0	0.0	0.0
31	__protein1_rbs	2.6	0.0	0.0
31	__protein2_rbs	2.4	0.0	0.0
31	__protein3_rbs	0.2	0.0	0.0
31	__ribosome	67.8	0.0	0.0
31	__rnase_site_ext	6.8	0.0	0.0
31	p0	0.6	0.0	0.0
31	p1	0.8	0.0	0.0
31	protein1	39.4	4.4	2.6866668
31	protein2	34.2	6.2	2.7116666
31	protein3	6.8	1.6	2.2
31	r2	4.8	0.0	0.0
31	rnapol	0.6	0.0	0.0
32	__protein1_rbs	1.8	0.0	0.0
32	__protein2_rbs	2.4	0.0	0.0
32	__protein3_rbs	0.4	0.0	0.0
32	__ribosome	66.4	0.0	0.0
32	__rnase_site_ext	7.0	0.0	0.0
32	p0	0.6	0.0	0.0
32	p1	0.8	0.0	0.0
32	protein1	41.4	4.6	2.7
32	protein2	37.0	6.2	2.7516666
32	protein3	7.2	1.4	2.6333333999999997
32	r2	5.0	0.0	0.0
32	rnapol	0.6	0.0	0.0
33	__protein1_rbs	2.8	0.0	0.0
33	__protein2_rbs	2.4	0.0	0.0
33	__protein3_rbs	0.4	0.0	0.0
33	__ribosome	65.6	0.0	0.0
33	__rnase_site_ext	7.2	0.0	0.0
33	p0	0.8	0.0	0.0
33	p1	0.8	0.0	0.0
33	protein1	43.6	5.2	2.3404762000000003
33	protein2	40.8	6.4	2.6944446
33	protein3	8.0	1.4	2.7
33	r2	5.6	0.0	0.0
33	rnapol	0.4	0.0	0.0
34	__protein1_rbs	1.8	0.0	0.0
34	__protein2_rbs	1.6	0.0	0.0
34	__protein3_rbs	0.8	0.0	0.0
34	__ribosome	63.2	0.0	0.0
34	__rnase_site_ext	7.4	0.0	0.0
34	p0	0.8	0.0	0.0
34	p1	0.6	0.0	0.0
34	protein1	46.0	5.0	2.7416666000000003
34	protein2	43.2	6.4	3.0672222000000002
34	protein3	8.8	1.4	2.3666666000000003
34	r2	5.8	0.0	0.0
34	rnapol	0.4	0.0	0.0
35	__protein1_rbs	1.8	0.0	0.0
35	__protein2_rbs	2.8	0.0	0.0
35	__protein3_rbs	1.0	0.0	0.0
35	__ribosome	62.8	0.0	0.0
35	__rnase_site_ext	7.4	0.0	0.0
35	p0	1.0	0.0	0.0
35	p1	0.6	0.0	0.0
35	protein1	47.8	5.2	2.8866666000000003
35	protein2	47.2	6.4	2.9033333999999997
35	protein3	9.8	1.6	2.1333333999999997
35	r2	5.8	0.0	0.0
35	rnapol	0.8	0.0	0.0
36	__protein1_rbs	1.2	0.0	0.0
36	__protein2_rbs	2.8	0.0	0.0
36	__protein3_rbs	0.2	0.0	0.0
36	__ribosome	60.2	0.0	0.0
36	__rnase_site_ext	7.0	0.0	0.0
36	p0	1.0	0.0	0.0
36	p1	0.8	0.0	0.0
36	protein1	50.0	5.2	3.1522222
36	protein2	50.0	6.2	3.2283333999999995
36	protein3	11.0	1.6	2.3
36	r2	5.6	0.0	0.0
36	rnapol	0.8	0.0	0.0
37	__protein1_rbs	2.4	0.0	0.0
37	__protein2_rbs	2.8	0.0	0.0
37	__protein3_rbs	1.2	0.0	0.0
37	__ribosome	61.8	0.0	0.0
37	__rnase_site_ext	6.6	0.0	0.0
37	p0	1.0	0.0	0.0
37	p1	0.8	0.0	0.0
37	protein1	54.0	5.0	2.8677778
37	protein2	53.6	6.6	3.0801586
37	protein3	11.6	2.0	1.9
37	r2	5.8	0.0	0.0
37	rnapol	0.8	0.0	0.0
38	__protein1_rbs	1.2	0.0	0.0
38	__protein2_rbs	2.8	0.0	0.0
38	__protein3_rbs	0.8	0.0	0.0
38	__ribosome	59.8	0.0	0.0
38	__rnase_site_ext	6.6	0.0	0.0
38	p0	1.0	0.0	0.0
38	p1	0.8	0.0	0.0
38	protein1	55.8	4.6	3.7255556000000003
38	protein2	57.6	6.8	2.9226192
38	protein3	12.4	2.2	2.1
38	r2	6.0	0.0	0.0
38	rnapol	1.0	0.0	0.0
39	__protein1_rbs	2.8	0.0	0.0
39	__protein2_rbs	2.6	0.0	0.0
39	__protein3_rbs	0.6	0.0	0.0
39	__ribosome	59.8	0.0	0.0
39	__rnase_site_ext	6.8	0.0	0.0
39	p0	1.0	0.0	0.0
39	p1	0.6	0.0	0.0
39	protein1	58.6	4.6	3.5033334000000003
39	protein2	61.2	6.8	2.9722222
39	protein3	13.2	2.2	2.4333334
39	r2	6.0	0.0	0.0
39	rnapol	1.0	0.0	0.0
40	__protein1_rbs	2.4	0.0	0.0
40	__protein2_rbs	3.2	0.0	0.0
40	__protein3_rbs	1.4	0.0	0.0
40	__ribosome	61.4	0.0	0.0
40	__rnase_site_ext	7.2	0.0	0.0
40	p0	0.8	0.0	0.0
40	p1	0.4	0.0	0.0
40	protein1	61.6	4.6	3.4066668
40	protein2	65.2	7.0	2.7685714
40	protein3	13.8	2.2	2.5833334
40	r2	5.8	0.0	0.0
40	rnapol	0.6	0.0	0.0
41	__protein1_rbs	2.2	0.0	0.0
41	__protein2_rbs	3.0	0.0	0.0
41	__protein3_rbs	1.0	0.0	0.0
41	__ribosome	62.2	0.0	0.0
41	__rnase_site_ext	7.2	0.0	0.0
41	p0	1.0	0.0	0.0
41	p1	0.6	0.0	0.0
41	protein1	65.4	4.8	3.0222222000000003
41	protein2	69.4	7.4	2.6274604
41	protein3	14.8	2.4	2.6333333999999997
41	r2	6.0	0.0	0.0
41	rnapol	0.8	0.0	0.0
42	__protein1_rbs	2.4	0.0	0.0
42	__protein2_rbs	3.6	0.0	0.0
42	__protein3_rbs	0.8	0.0	0.0
42	__ribosome	60.8	0.0	0.0
42	__rnase_site_ext	7.4	0.0	0.0
42	p0	1.0	0.0	0.0
42	p1	0.6	0.0	0.0
42	protein1	67.6	5.0	2.7333334
42	protein2	72.6	7.6	2.5609523999999997
42	protein3	15.8	2.4	2.9
42	r2	6.2	0.0	0.0
42	rnapol	1.0	0.0	0.0
43	__protein1_rbs	2.0	0.0	0.0
43	__protein2_rbs	3.2	0.0	0.0
43	__protein3_rbs	1.4	0.0	0.0
43	__ribosome	60.6	0.0	0.0
43	__rnase_site_ext	7.8	0.0	0.0
43	p0	0.6	0.0	0.0
43	p1	1.0	0.0	0.0
43	protein1	70.8	5.0	2.5555555999999995
43	protein2	77.0	8.0	2.5542857999999997
43	protein3	17.2	2.4	2.8166666
43	r2	6.2	0.0	0.0
43	rnapol	1.0	0.0	0.0
44	__protein1_rbs	3.2	0.0	0.0
44	__protein2_rbs	4.4	0.0	0.0
44	__protein3_rbs	1.4	0.0	0.0
44	__ribosome	60.4	0.0	0.0
44	__rnase_site_ext	8.0	0.0	0.0
44	p0	1.0	0.0	0.0
44	p1	0.8	0.0	0.0
44	protein1	72.8	5.2	2.4766668000000003
44	protein2	80.4	8.4	2.5241557999999995
44	protein3	18.2	2.2	2.85
44	r2	6.4	0.0	0.0
44	rnapol	1.0	0.0	0.0
45	__protein1_rbs	2.0	0.0	0.0
45	__protein2_rbs	3.4	0.0	0.0
45	__protein3_rbs	0.4	0.0	0.0
45	__ribosome	58.4	0.0	0.0
45	__rnase_site_ext	8.2	0.0	0.0
45	p0	1.0	0.0	0.0
45	p1	0.8	0.0	0.0
45	protein1	75.2	5.4	2.65
45	protein2	84.4	8.4	2.582251
45	protein3	19.6	2.4	2.7666666
45	r2	6.4	0.0	0.0
45	rnapol	1.2	0.0	0.0
46	__protein1_rbs	2.8	0.0	0.0
46	__protein2_rbs	4.8	0.0	0.0
46	__protein3_rbs	1.2	0.0	0.0
46	__ribosome	58.6	0.0	0.0
46	__rnase_site_ext	8.8	0.0	0.0
46	p0	0.2	0.0	0.0
46	p1	0.8	0.0	0.0
46	protein1	78.2	5.6	2.5333332000000004
46	protein2	88.0	8.6	2.5223376
46	protein3	20.6	2.4	2.75
46	r2	6.6	0.0	0.0
46	rnapol	0.4	0.0	0.0
47	__protein1_rbs	2.2	0.0	0.0
47	__protein2_rbs	3.2	0.0	0.0
47	__protein3_rbs	1.0	0.0	0.0
47	__ribosome	55.8	0.0	0.0
47	__rnase_site_ext	9.4	0.0	0.0
47	p0	0.8	0.0	0.0
47	p1	0.6	0.0	0.0
47	protein1	80.2	6.0	2.6554978
47	protein2	91.8	8.4	2.7854546000000004
47	protein3	22.2	2.2	inf
47	r2	7.0	0.0	0.0
47	rnapol	0.8	0.0	0.0
48	__protein1_rbs	2.2	0.0	0.0
48	__protein2_rbs	3.8	0.0	0.0
48	__protein3_rbs	1.2	0.0	0.0
48	__ribosome	56.0	0.0	0.0
48	__rnase_site_ext	9.2	0.0	0.0
48	p0	1.0	0.0	0.0
48	p1	0.8	0.0	0.0
48	protein1	83.8	6.4	2.45
48	protein2	96.2	8.6	2.6947474
48	protein3	23.2	2.2	inf
48	r2	7.2	0.0	0.0
48	rnapol	1.0	0.0	0.0
49	__protein1_rbs	2.0	0.0	0.0
49	__protein2_rbs	4.8	0.0	0.0
49	__protein3_rbs	0.2	0.0	0.0
49	__ribosome	54.2	0.0	0.0
49	__rnase_site_ext	9.4	0.0	0.0
49	p0	0.4	0.0	0.0
49	p1	1.0	0.0	0.0
49	protein1	86.0	6.4	2.6974026
49	protein2	100.8	9.0	2.4664718
49	protein3	24.0	2.2	inf
49	r2	7.2	0.0	0.0
49	rnapol	0.4	0.0	0.0
50	__protein1_rbs	3.2	0.0	0.0
50	__protein2_rbs	3.2	0.0	0.0
50	__protein3_rbs	1.0	0.0	0.0
50	__ribosome	53.0	0.0	0.0
50	__rnase_site_ext	9.4	0.0	0.0
50	p0	1.0	0.0	0.0
50	p1	0.8	0.0	0.0
50	protein1	88.2	6.6	2.6505196
50	protein2	105.4	8.8	2.6591052000000004
50	protein3	25.6	2.2	inf
50	r2	7.4	0.0	0.0
50	rnapol	0.8	0.0	0.0
51	__protein1_rbs	2.6	0.0	0.0
51	__protein2_rbs	4.0	0.0	0.0
51	__protein3_rbs	0.8	0.0	0.0
51	__ribosome	51.8	0.0	0.0
51	__rnase_site_ext	9.8	0.0	0.0
51	p0	0.8	0.0	0.0
51	p1	0.8	0.0	0.0
51	protein1	91.4	6.6	2.7749784
51	protein2	109.2	8.6	2.8011546000000003
51	protein3	26.6	2.2	2.4666666
51	r2	7.6	0.0	0.0
51	rnapol	0.6	0.0	0.0
52	__protein1_rbs	2.6	0.0	0.0
52	__protein2_rbs	3.0	0.0	0.0
52	__protein3_rbs	1.2	0.0	0.0
52	__ribosome	51.6	0.0	0.0
52	__rnase_site_ext	9.6	0.0	0.0
52	p0	0.6	0.0	0.0
52	p1	1.0	0.0	0.0
52	protein1	95.0	6.8	2.7329872
52	protein2	114.2	8.8	2.7964644
52	protein3	27.8	2.4	2.3166666
52	r2	7.8	0.0	0.0
52	rnapol	0.4	0.0	0.0
53	__protein1_rbs	4.0	0.0	0.0
53	__protein2_rbs	3.8	0.0	0.0
53	__protein3_rbs	1.4	0.0	0.0
53	__ribosome	52.6	0.0	0.0
53	__rnase_site_ext	9.6	0.0	0.0
53	p0	1.0	0.0	0.0
53	p1	0.6	0.0	0.0
53	protein1	98.8	6.8	2.5948054
53	protein2	118.2	8.8	2.8830304
53	protein3	29.4	2.2	2.3333334
53	r2	8.2	0.0	0.0
53	rnapol	0.6	0.0	0.0
54	__protein1_rbs	2.4	0.0	0.0
54	__protein2_rbs	4.2	0.0	0.0
54	__protein3_rbs	0.6	0.0	0.0
54	__ribosome	52.6	0.0	0.0
54	__rnase_site_ext	9.6	0.0	0.0
54	p0	0.8	0.0	0.0
54	p1	0.0	0.0	0.0
54	protein1	102.8	7.0	2.5010824
54	protein2	122.8	8.6	2.8472728
54	protein3	30.8	2.2	2.5
54	r2	8.2	0.0	0.0
54	rnapol	0.6	0.0	0.0
55	__protein1_rbs	3.6	0.0	0.0
55	__protein2_rbs	4.0	0.0	0.0
55	__protein3_rbs	0.8	0.0	0.0
55	__ribosome	51.4	0.0	0.0
55	__rnase_site_ext	9.8	0.0	0.0
55	p0	1.0	0.0	0.0
55	p1	0.6	0.0	0.0
55	protein1	105.2	7.0	2.7400434
55	protein2	127.2	8.6	2.816912
55	protein3	31.6	2.2	2.9666666
55	r2	8.2	0.0	0.0
55	rnapol	0.6	0.0	0.0
56	__protein1_rbs	3.6	0.0	0.0
56	__protein2_rbs	4.0	0.0	0.0
56	__protein3_rbs	1.0	0.0	0.0
56	__ribosome	53.0	0.0	0.0
56	__rnase_site_ext	9.8	0.0	0.0
56	p0	1.0	0.0	0.0
56	p1	0.4	0.0	0.0
56	protein1	109.2	7.2	2.6242424
56	protein2	132.8	9.2	2.5184342
56	protein3	33.2	2.2	2.8833333999999997
56	r2	8.4	0.0	0.0
56	rnapol	0.6	0.0	0.0
57	__protein1_rbs	3.6	0.0	0.0
57	__protein2_rbs	5.2	0.0	0.0
57	__protein3_rbs	1.0	0.0	0.0
57	__ribosome	54.0	0.0	0.0
57	__rnase_site_ext	10.0	0.0	0.0
57	p0	0.8	0.0	0.0
57	p1	0.4	0.0	0.0
57	protein1	113.4	7.2	2.6036796000000004
57	protein2	137.6	9.2	2.4070708
57	protein3	34.0	2.2	2.9666666
57	r2	8.4	0.0	0.0
57	rnapol	0.8	0.0	0.0
58	__protein1_rbs	4.2	0.0	0.0
58	__protein2_rbs	3.4	0.0	0.0
58	__protein3_rbs	1.2	0.0	0.0
58	__ribosome	53.2	0.0	0.0
58	__rnase_site_ext	10.0	0.0	0.0
58	p0	0.8	0.0	0.0
58	p1	0.8	0.0	0.0
58	protein1	116.4	7.4	2.4800216
58	protein2	141.6	9.4	2.5
58	protein3	35.2	2.2	2.7
58	r2	8.2	0.0	0.0
58	rnapol	0.6	0.0	0.0
59	__protein1_rbs	4.2	0.0	0.0
59	__protein2_rbs	5.4	0.0	0.0
59	__protein3_rbs	1.4	0.0	0.0
59	__ribosome	53.8	0.0	0.0
59	__rnase_site_ext	10.2	0.0	0.0
59	p0	0.6	0.0	0.0
59	p1	0.4	0.0	0.0
59	protein1	120.6	7.4	2.3572293999999996
59	protein2	145.6	9.8	2.4040476
59	protein3	36.2	2.2	2.7833334
59	r2	7.8	0.0	0.0
59	rnapol	0.2	0.0	0.0
60	__protein1_rbs	3.8	0.0	0.0
60	__protein2_rbs	5.4	0.0	0.0
60	__protein3_rbs	1.4	0.0	0.0
60	__ribosome	56.0	0.0	0.0
60	__rnase_site_ext	10.4	0.0	0.0
60	p0	0.8	0.0	0.0
60	p1	0.6	0.0	0.0
60	protein1	124.6	7.6	2.360303
60	protein2	151.2	9.8	2.1988093999999996
60	protein3	37.8	2.6	2.39
60	r2	8.8	0.0	0.0
60	rnapol	0.8	0.0	0.0
61	__protein1_rbs	3.8	0.0	0.0
61	__protein2_rbs	5.0	0.0	0.0
61	__protein3_rbs	1.4	0.0	0.0
61	__ribosome	55.8	0.0	0.0
61	__rnase_site_ext	10.0	0.0	0.0
61	p0	0.8	0.0	0.0
61	p1	1.0	0.0	0.0
61	protein1	127.8	8.0	2.3277778
61	protein2	156.0	10.0	2.2130037999999996
61	protein3	39.0	2.6	2.15
61	r2	9.0	0.0	0.0
61	rnapol	1.0	0.0	0.0
62	__protein1_rbs	4.8	0.0	0.0
62	__protein2_rbs	4.8	0.0	0.0
62	__protein3_rbs	1.0	0.0	0.0
62	__ribosome	53.2	0.0	0.0
62	__rnase_site_ext	10.2	0.0	0.0
62	p0	1.0	0.0	0.0
62	p1	0.8	0.0	0.0
62	protein1	130.8	7.8	2.3893647999999996
62	protein2	159.4	10.4	2.3010377999999996
62	protein3	40.0	2.6	2.08
62	r2	9.2	0.0	0.0
62	rnapol	0.8	0.0	0.0
63	__protein1_rbs	2.4	0.0	0.0
63	__protein2_rbs	5.0	0.0	0.0
63	__protein3_rbs	0.8	0.0	0.0
63	__ribosome	52.0	0.0	0.0
63	__rnase_site_ext	10.2	0.0	0.0
63	p0	0.8	0.0	0.0
63	p1	0.8	0.0	0.0
63	protein1	134.4	7.4	2.5968254
63	protein2	164.6	10.6	2.2577922000000004
63	protein3	41.6	2.6	2.3
63	r2	8.8	0.0	0.0
63	rnapol	1.0	0.0	0.0
64	__protein1_rbs	4.4	0.0	0.0
64	__protein2_rbs	4.8	0.0	0.0
64	__protein3_rbs	2.0	0.0	0.0
64	__ribosome	51.4	0.0	0.0
64	__rnase_site_ext	10.6	0.0	0.0
64	p0	0.8	0.0	0.0
64	p1	0.8	0.0	0.0
64	protein1	138.2	7.4	2.4374604
64	protein2	169.0	10.8	2.4002742
64	protein3	42.4	2.6	2.1100000000000003
64	r2	8.4	0.0	0.0
64	rnapol	1.0	0.0	0.0
65	__protein1_rbs	2.6	0.0	0.0
65	__protein2_rbs	4.6	0.0	0.0
65	__protein3_rbs	1.4	0.0	0.0
65	__ribosome	47.6	0.0	0.0
65	__rnase_site_ext	10.8	0.0	0.0
65	p0	0.8	0.0	0.0
65	p1	0.8	0.0	0.0
65	protein1	141.6	7.8	2.4470996
65	protein2	172.2	10.6	2.6434919999999997
65	protein3	43.2	2.4	2.15
65	r2	8.2	0.0	0.0
65	rnapol	0.8	0.0	0.0
66	__protein1_rbs	3.8	0.0	0.0
66	__protein2_rbs	5.6	0.0	0.0
66	__protein3_rbs	1.0	0.0	0.0
66	__ribosome	47.6	0.0	0.0
66	__rnase_site_ext	11.4	0.0	0.0
66	p0	0.6	0.0	0.0
66	p1	0.4	0.0	0.0
66	protein1	145.0	8.0	2.4633477999999998
66	protein2	177.4	10.6	2.5801586
66	protein3	44.4	2.4	2.55
66	r2	8.4	0.0	0.0
66	rnapol	0.8	0.0	0.0
67	__protein1_rbs	3.4	0.0	0.0
67	__protein2_rbs	6.6	0.0	0.0
67	__protein3_rbs	1.4	0.0	0.0
67	__ribosome	47.6	0.0	0.0
67	__rnase_site_ext	11.2	0.0	0.0
67	p0	1.0	0.0	0.0
67	p1	0.4	0.0	0.0
67	protein1	148.2	8.2	2.6194083999999997
67	protein2	183.6	10.8	2.3420514
67	protein3	45.6	2.6	2.3
67	r2	8.6	0.0	0.0
67	rnapol	0.8	0.0	0.0
68	__protein1_rbs	4.8	0.0	0.0
68	__protein2_rbs	5.8	0.0	0.0
68	__protein3_rbs	1.6	0.0	0.0
68	__ribosome	48.2	0.0	0.0
68	__rnase_site_ext	11.6	0.0	0.0
68	p0	0.8	0.0	0.0
68	p1	0.4	0.0	0.0
68	protein1	153.0	8.4	2.4071788
68	protein2	188.4	10.8	2.3521212000000005
68	protein3	46.8	2.6	2.15
68	r2	8.8	0.0	0.0
68	rnapol	0.2	0.0	0.0
69	__protein1_rbs	4.2	0.0	0.0
69	__protein2_rbs	5.4	0.0	0.0
69	__protein3_rbs	1.4	0.0	0.0
69	__ribosome	47.6	0.0	0.0
69	__rnase_site_ext	11.6	0.0	0.0
69	p0	1.0	0.0	0.0
69	p1	0.8	0.0	0.0
69	protein1	157.0	8.4	2.39614
69	protein2	194.6	11.0	2.3274242000000003
69	protein3	47.2	2.8	2.57
69	r2	8.8	0.0	0.0
69	rnapol	0.4	0.0	0.0
70	__protein1_rbs	4.0	0.0	0.0
70	__protein2_rbs	5.8	0.0	0.0
70	__protein3_rbs	0.8	0.0	0.0
70	__ribosome	46.2	0.0	0.0
70	__rnase_site_ext	11.6	0.0	0.0
70	p0	1.0	0.0	0.0
70	p1	1.0	0.0	0.0
70	protein1	160.8	8.6	2.3857504
70	protein2	199.4	11.4	2.3498484
70	protein3	49.0	2.8	2.52
70	r2	8.6	0.0	0.0
70	rnapol	0.4	0.0	0.0
71	__protein1_rbs	5.0	0.0	0.0
71	__protein2_rbs	5.6	0.0	0.0
71	__protein3_rbs	1.8	0.0	0.0
71	__ribosome	46.4	0.0	0.0
71	__rnase_site_ext	11.4	0.0	0.0
71	p0	1.0	0.0	0.0
71	p1	0.6	0.0	0.0
71	protein1	165.2	8.6	2.3367606000000003
71	protein2	204.4	11.4	2.4124242000000002
71	protein3	50.4	3.0	2.3
71	r2	8.8	0.0	0.0
71	rnapol	0.6	0.0	0.0
72	__protein1_rbs	4.0	0.0	0.0
72	__protein2_rbs	4.6	0.0	0.0
72	__protein3_rbs	0.8	0.0	0.0
72	__ribosome	43.6	0.0	0.0
72	__rnase_site_ext	11.2	0.0	0.0
72	p0	0.8	0.0	0.0
72	p1	0.4	0.0	0.0
72	protein1	169.8	8.4	2.4376984
72	protein2	209.2	11.4	2.514394
72	protein3	51.2	2.8	2.7333334
72	r2	9.2	0.0	0.0
72	rnapol	0.8	0.0	0.0
73	__protein1_rbs	4.6	0.0	0.0
73	__protein2_rbs	5.8	0.0	0.0
73	__protein3_rbs	2.0	0.0	0.0
73	__ribosome	43.4	0.0	0.0
73	__rnase_site_ext	11.2	0.0	0.0
73	p0	1.0	0.0	0.0
73	p1	0.6	0.0	0.0
73	protein1	172.8	8.4	2.478254
73	protein2	214.4	11.4	2.539091
73	protein3	52.2	2.8	2.8
73	r2	9.2	0.0	0.0
73	rnapol	1.0	0.0	0.0
74	__protein1_rbs	4.4	0.0	0.0
74	__protein2_rbs	6.0	0.0	0.0
74	__protein3_rbs	1.2	0.0	0.0
74	__ribosome	44.0	0.0	0.0
74	__rnase_site_ext	11.4	0.0	0.0
74	p0	0.8	0.0	0.0
74	p1	0.4	0.0	0.0
74	protein1	176.6	8.6	2.4261112
74	protein2	220.4	11.4	2.4806016
74	protein3	53.6	2.4	inf
74	r2	9.6	0.0	0.0
74	rnapol	1.0	0.0	0.0
75	__protein1_rbs	5.2	0.0	0.0
75	__protein2_rbs	6.2	0.0	0.0
75	__protein3_rbs	1.4	0.0	0.0
75	__ribosome	46.2	0.0	0.0
75	__rnase_site_ext	11.6	0.0	0.0
75	p0	0.8	0.0	0.0
75	p1	0.6	0.0	0.0
75	protein1	181.6	8.6	2.2211112
75	protein2	226.2	11.6	2.415296
75	protein3	55.0	2.4	inf
75	r2	9.8	0.0	0.0
75	rnapol	0.8	0.0	0.0
76	__protein1_rbs	4.0	0.0	0.0
76	__protein2_rbs	6.8	0.0	0.0
76	__protein3_rbs	1.4	0.0	0.0
76	__ribosome	45.4	0.0	0.0
76	__rnase_site_ext	11.8	0.0	0.0
76	p0	0.8	0.0	0.0
76	p1	0.6	0.0	0.0
76	protein1	185.4	8.8	2.3002523999999998
76	protein2	231.2	12.0	2.368951
76	protein3	56.8	2.4	inf
76	r2	9.8	0.0	0.0
76	rnapol	0.6	0.0	0.0
77	__protein1_rbs	5.0	0.0	0.0
77	__protein2_rbs	6.2	0.0	0.0
77	__protein3_rbs	1.8	0.0	0.0
77	__ribosome	46.6	0.0	0.0
77	__rnase_site_ext	12.0	0.0	0.0
77	p0	1.0	0.0	0.0
77	p1	1.0	0.0	0.0
77	protein1	190.0	9.0	2.1881818
77	protein2	237.6	12.2	2.3213052000000003
77	protein3	58.4	2.8	inf
77	r2	9.4	0.0	0.0
77	rnapol	0.6	0.0	0.0
78	__protein1_rbs	3.2	0.0	0.0
78	__protein2_rbs	7.0	0.0	0.0
78	__protein3_rbs	1.8	0.0	0.0
78	__ribosome	43.8	0.0	0.0
78	__rnase_site_ext	11.8	0.0	0.0
78	p0	0.8	0.0	0.0
78	p1	1.0	0.0	0.0
78	protein1	194.0	9.2	2.379697
78	protein2	243.2	12.2	2.3842423999999998
78	protein3	59.4	3.0	1.6833332
78	r2	9.6	0.0	0.0
78	rnapol	0.6	0.0	0.0
79	__protein1_rbs	3.4	0.0	0.0
79	__protein2_rbs	5.6	0.0	0.0
79	__protein3_rbs	1.8	0.0	0.0
79	__ribosome	42.6	0.0	0.0
79	__rnase_site_ext	12.0	0.0	0.0
79	p0	1.0	0.0	0.0
79	p1	1.0	0.0	0.0
79	protein1	197.4	8.8	2.6207142
79	protein2	248.6	12.0	2.4607490000000003
79	protein3	61.2	3.2	1.4733333999999998
79	r2	9.4	0.0	0.0
79	rnapol	0.8	0.0	0.0
80	__protein1_rbs	4.4	0.0	0.0
80	__protein2_rbs	6.6	0.0	0.0
80	__protein3_rbs	1.6	0.0	0.0
80	__ribosome	42.4	0.0	0.0
80	__rnase_site_ext	12.0	0.0	0.0
80	p0	1.0	0.0	0.0
80	p1	0.8	0.0	0.0
80	protein1	201.4	9.0	2.6407142000000006
80	protein2	254.4	11.8	2.4041558000000003
80	protein3	62.0	3.2	1.6933334000000002
80	r2	10.0	0.0	0.0
80	rnapol	0.8	0.0	0.0
81	__protein1_rbs	3.6	0.0	0.0
81	__protein2_rbs	5.4	0.0	0.0
81	__protein3_rbs	2.0	0.0	0.0
81	__ribosome	40.0	0.0	0.0
81	__rnase_site_ext	12.2	0.0	0.0
81	p0	1.0	0.0	0.0
81	p1	0.6	0.0	0.0
81	protein1	205.2	9.2	2.7598052
81	protein2	260.2	11.8	2.458961
81	protein3	63.0	3.2	1.7933334000000003
81	r2	10.2	0.0	0.0
81	rnapol	0.8	0.0	0.0
82	__protein1_rbs	5.6	0.0	0.0
82	__protein2_rbs	6.6	0.0	0.0
82	__protein3_rbs	2.2	0.0	0.0
82	__ribosome	42.0	0.0	0.0
82	__rnase_site_ext	12.0	0.0	0.0
82	p0	0.8	0.0	0.0
82	p1	0.6	0.0	0.0
82	protein1	209.8	9.2	2.6295453999999996
82	protein2	265.8	12.0	2.3653846
82	protein3	64.2	3.2	1.6933334000000002
82	r2	10.8	0.0	0.0
82	rnapol	1.6	0.0	0.0
83	__protein1_rbs	4.0	0.0	0.0
83	__protein2_rbs	5.4	0.0	0.0
83	__protein3_rbs	1.2	0.0	0.0
83	__ribosome	42.6	0.0	0.0
83	__rnase_site_ext	12.0	0.0	0.0
83	p0	0.8	0.0	0.0
83	p1	0.8	0.0	0.0
83	protein1	215.2	9.0	2.6129582
83	protein2	273.0	12.0	2.2792308
83	protein3	65.4	3.2	1.88
83	r2	10.6	0.0	0.0
83	rnapol	1.4	0.0	0.0
84	__protein1_rbs	4.2	0.0	0.0
84	__protein2_rbs	7.2	0.0	0.0
84	__protein3_rbs	2.0	0.0	0.0
84	__ribosome	43.0	0.0	0.0
84	__rnase_site_ext	12.2	0.0	0.0
84	p0	1.0	0.0	0.0
84	p1	0.6	0.0	0.0
84	protein1	220.2	8.8	2.6574026
84	protein2	278.6	12.4	2.1611688
84	protein3	67.0	3.6	1.7066665999999997
84	r2	10.6	0.0	0.0
84	rnapol	1.2	0.0	0.0
85	__protein1_rbs	4.8	0.0	0.0
85	__protein2_rbs	7.0	0.0	0.0
85	__protein3_rbs	1.8	0.0	0.0
85	__ribosome	41.2	0.0	0.0
85	__rnase_site_ext	12.2	0.0	0.0
85	p0	1.0	0.0	0.0
85	p1	0.6	0.0	0.0
85	protein1	224.8	8.8	2.5891558
85	protein2	282.6	12.4	2.3279222
85	protein3	68.6	3.6	1.9966666000000002
85	r2	10.2	0.0	0.0
85	rnapol	1.2	0.0	0.0
86	__protein1_rbs	5.4	0.0	0.0
86	__protein2_rbs	6.0	0.0	0.0
86	__protein3_rbs	2.0	0.0	0.0
86	__ribosome	43.8	0.0	0.0
86	__rnase_site_ext	12.6	0.0	0.0
86	p0	0.8	0.0	0.0
86	p1	0.4	0.0	0.0
86	protein1	230.6	8.8	2.338896
86	protein2	289.2	12.8	2.2121812000000003
86	protein3	69.6	3.6	2.0866666
86	r2	10.6	0.0	0.0
86	rnapol	1.0	0.0	0.0
87	__protein1_rbs	4.6	0.0	0.0
87	__protein2_rbs	6.8	0.0	0.0
87	__protein3_rbs	2.2	0.0	0.0
87	__ribosome	40.8	0.0	0.0
87	__rnase_site_ext	12.6	0.0	0.0
87	p0	0.8	0.0	0.0
87	p1	0.8	0.0	0.0
87	protein1	233.8	9.0	2.4486652
87	protein2	294.6	13.0	2.2837994
87	protein3	70.8	3.6	2.2366666
87	r2	10.2	0.0	0.0
87	rnapol	0.8	0.0	0.0
88	__protein1_rbs	4.6	0.0	0.0
88	__protein2_rbs	7.0	0.0	0.0
88	__protein3_rbs	1.6	0.0	0.0
88	__ribosome	40.0	0.0	0.0
88	__rnase_site_ext	13.0	0.0	0.0
88	p0	0.6	0.0	0.0
88	p1	0.6	0.0	0.0
88	protein1	238.4	9.2	2.3933334000000004
88	protein2	300.4	13.2	2.2947843999999997
88	protein3	72.6	3.6	2.1966666
88	r2	10.4	0.0	0.0
88	rnapol	0.4	0.0	0.0
89	__protein1_rbs	5.0	0.0	0.0
89	__protein2_rbs	5.8	0.0	0.0
89	__protein3_rbs	1.6	0.0	0.0
89	__ribosome	39.0	0.0	0.0
89	__rnase_site_ext	13.2	0.0	0.0
89	p0	1.0	0.0	0.0
89	p1	0.8	0.0	0.0
89	protein1	243.2	9.2	2.3133334000000003
89	protein2	306.6	13.2	2.441192
89	protein3	74.4	3.6	2.43
89	r2	10.4	0.0	0.0
89	rnapol	1.0	0.0	0.0
90	__protein1_rbs	5.6	0.0	0.0
90	__protein2_rbs	7.0	0.0	0.0
90	__protein3_rbs	1.6	0.0	0.0
90	__ribosome	36.6	0.0	0.0
90	__rnase_site_ext	13.6	0.0	0.0
90	p0	0.8	0.0	0.0
90	p1	0.8	0.0	0.0
90	protein1	247.0	9.4	2.3538462000000004
90	protein2	311.4	13.4	2.5072516
90	protein3	75.8	3.8	2.1466666
90	r2	10.4	0.0	0.0
90	rnapol	0.8	0.0	0.0
91	__protein1_rbs	4.8	0.0	0.0
91	__protein2_rbs	7.0	0.0	0.0
91	__protein3_rbs	2.2	0.0	0.0
91	__ribosome	37.4	0.0	0.0
91	__rnase_site_ext	13.8	0.0	0.0
91	p0	0.8	0.0	0.0
91	p1	0.6	0.0	0.0
91	protein1	251.6	9.6	2.3068182
91	protein2	318.4	13.8	2.3879551999999995
91	protein3	77.8	3.8	2.1166668
91	r2	10.6	0.0	0.0
91	rnapol	0.6	0.0	0.0
92	__protein1_rbs	5.4	0.0	0.0
92	__protein2_rbs	9.0	0.0	0.0
92	__protein3_rbs	1.8	0.0	0.0
92	__ribosome	38.6	0.0	0.0
92	__rnase_site_ext	13.6	0.0	0.0
92	p0	1.0	0.0	0.0
92	p1	1.0	0.0	0.0
92	protein1	256.4	9.8	2.2108586
92	protein2	324.6	14.2	2.2085908
92	protein3	79.6	3.8	2.3166666
92	r2	10.8	0.0	0.0
92	rnapol	0.8	0.0	0.0
93	__protein1_rbs	6.2	0.0	0.0
93	__protein2_rbs	6.2	0.0	0.0
93	__protein3_rbs	3.4	0.0	0.0
93	__ribosome	38.8	0.0	0.0
93	__rnase_site_ext	13.8	0.0	0.0
93	p0	1.0	0.0	0.0
93	p1	0.8	0.0	0.0
93	protein1	261.0	9.4	2.1355556
93	protein2	331.8	14.2	2.3216074
93	protein3	81.0	4.0	2.0266668
93	r2	11.0	0.0	0.0
93	rnapol	0.6	0.0	0.0
94	__protein1_rbs	5.0	0.0	0.0
94	__protein2_rbs	6.6	0.0	0.0
94	__protein3_rbs	2.2	0.0	0.0
94	__ribosome	39.2	0.0	0.0
94	__rnase_site_ext	14.2	0.0	0.0
94	p0	0.6	0.0	0.0
94	p1	0.6	0.0	0.0
94	protein1	264.8	9.6	2.1155555999999995
94	protein2	339.4	13.8	2.3772354
94	protein3	83.2	3.8	2.05
94	r2	11.0	0.0	0.0
94	rnapol	0.2	0.0	0.0
95	__protein1_rbs	5.4	0.0	0.0
95	__protein2_rbs	7.0	0.0	0.0
95	__protein3_rbs	1.6	0.0	0.0
95	__ribosome	38.2	0.0	0.0
95	__rnase_site_ext	14.2	0.0	0.0
95	p0	1.0	0.0	0.0
95	p1	0.6	0.0	0.0
95	protein1	269.0	9.8	2.0666666
95	protein2	345.8	14.0	2.3489334
95	protein3	84.8	3.8	2.3166666
95	r2	11.4	0.0	0.0
95	rnapol	0.6	0.0	0.0
96	__protein1_rbs	5.8	0.0	0.0
96	__protein2_rbs	7.8	0.0	0.0
96	__protein3_rbs	2.0	0.0	0.0
96	__ribosome	39.4	0.0	0.0
96	__rnase_site_ext	14.6	0.0	0.0
96	p0	0.6	0.0	0.0
96	p1	0.6	0.0	0.0
96	protein1	273.6	10.0	1.9717171999999998
96	protein2	352.2	14.2	2.2882782
96	protein3	86.6	3.6	2.6833332000000003
96	r2	11.8	0.0	0.0
96	rnapol	0.8	0.0	0.0
97	__protein1_rbs	5.2	0.0	0.0
97	__protein2_rbs	6.8	0.0	0.0
97	__protein3_rbs	2.8	0.0	0.0
97	__ribosome	37.2	0.0	0.0
97	__rnase_site_ext	14.6	0.0	0.0
97	p0	1.0	0.0	0.0
97	p1	0.6	0.0	0.0
97	protein1	278.0	10.4	1.9662626
97	protein2	357.8	14.6	2.414139
97	protein3	88.8	3.8	2.1
97	r2	11.4	0.0	0.0
97	rnapol	0.8	0.0	0.0
98	__protein1_rbs	6.0	0.0	0.0
98	__protein2_rbs	9.0	0.0	0.0
98	__protein3_rbs	2.8	0.0	0.0
98	__ribosome	36.6	0.0	0.0
98	__rnase_site_ext	14.4	0.0	0.0
98	p0	0.8	0.0	0.0
98	p1	0.8	0.0	0.0
98	protein1	281.4	10.4	2.080404
98	protein2	364.4	14.8	2.3174360000000003
98	protein3	89.8	4.0	2.3142857999999995
98	r2	11.2	0.0	0.0
98	rnapol	0.6	0.0	0.0
99	__protein1_rbs	5.2	0.0	0.0
99	__protein2_rbs	6.8	0.0	0.0
99	__protein3_rbs	2.4	0.0	0.0
99	__ribosome	38.2	0.0	0.0
99	__rnase_site_ext	14.4	0.0	0.0
99	p0	0.8	0.0	0.0
99	p1	0.8	0.0	0.0
99	protein1	286.2	10.2	2.0609170000000003
99	protein2	373.0	15.0	2.2237364
99	protein3	91.4	4.0	2.1214286
99	r2	11.4	0.0	0.0
99	rnapol	0.8	0.0	0.0
100	__protein1_rbs	6.4	0.0	0.0
100	__protein2_rbs	8.0	0.0	0.0
100	__protein3_rbs	2.4	0.0	0.0
100	__ribosome	38.8	0.0	0.0
100	__rnase_site_ext	15.2	0.0	0.0
100	p0	0.6	0.0	0.0
100	p1	0.6	0.0	0.0
100	protein1	290.4	10.4	1.9759400000000003
100	protein2	379.2	14.6	2.3034616000000003
100	protein3	93.6	3.8	2.1428572
100	r2	11.8	0.0	0.0
100	rnapol	0.2	0.0	0.0
101	__protein1_rbs	5.6	0.0	0.0
101	__protein2_rbs	8.2	0.0	0.0
101	__protein3_rbs	2.6	0.0	0.0
101	__ribosome	38.4	0.0	0.0
101	__rnase_site_ext	15.2	0.0	0.0
101	p0	1.0	0.0	0.0
101	p1	0.6	0.0	0.0
101	protein1	294.0	10.8	2.0405130000000002
101	protein2	386.0	14.4	2.2309616
101	protein3	94.8	3.8	2.2880952000000003
101	r2	12.0	0.0	0.0
101	rnapol	0.4	0.0	0.0
102	__protein1_rbs	7.0	0.0	0.0
102	__protein2_rbs	6.8	0.0	0.0
102	__protein3_rbs	2.4	0.0	0.0
102	__ribosome	38.0	0.0	0.0
102	__rnase_site_ext	15.4	0.0	0.0
102	p0	0.8	0.0	0.0
102	p1	0.8	0.0	0.0
102	protein1	298.8	11.0	1.9442734
102	protein2	393.2	14.6	2.2616300000000003
102	protein3	96.6	3.8	2.0833334
102	r2	12.4	0.0	0.0
102	rnapol	0.4	0.0	0.0
103	__protein1_rbs	5.6	0.0	0.0
103	__protein2_rbs	9.0	0.0	0.0
103	__protein3_rbs	1.6	0.0	0.0
103	__ribosome	38.4	0.0	0.0
103	__rnase_site_ext	15.4	0.0	0.0
103	p0	1.0	0.0	0.0
103	p1	0.4	0.0	0.0
103	protein1	303.0	11.0	2.0620512
103	protein2	401.0	15.0	2.0764286000000003
103	protein3	98.4	3.8	2.2547620000000004
103	r2	12.4	0.0	0.0
103	rnapol	1.0	0.0	0.0
104	__protein1_rbs	5.8	0.0	0.0
104	__protein2_rbs	7.6	0.0	0.0
104	__protein3_rbs	1.4	0.0	0.0
104	__ribosome	34.2	0.0	0.0
104	__rnase_site_ext	15.6	0.0	0.0
104	p0	0.4	0.0	0.0
104	p1	0.8	0.0	0.0
104	protein1	307.4	11.2	2.1066666
104	protein2	406.6	14.6	2.2885716
104	protein3	99.4	3.8	2.5285714
104	r2	12.4	0.0	0.0
104	rnapol	0.2	0.0	0.0
105	__protein1_rbs	6.0	0.0	0.0
105	__protein2_rbs	9.2	0.0	0.0
105	__protein3_rbs	2.6	0.0	0.0
105	__ribosome	36.8	0.0	0.0
105	__rnase_site_ext	15.6	0.0	0.0
105	p0	1.0	0.0	0.0
105	p1	0.8	0.0	0.0
105	protein1	311.6	11.0	2.2273932000000003
105	protein2	414.2	15.2	2.082976
105	protein3	101.6	4.0	1.9928572
105	r2	12.2	0.0	0.0
105	rnapol	0.4	0.0	0.0
106	__protein1_rbs	6.6	0.0	0.0
106	__protein2_rbs	10.4	0.0	0.0
106	__protein3_rbs	2.8	0.0	0.0
106	__ribosome	37.6	0.0	0.0
106	__rnase_site_ext	15.4	0.0	0.0
106	p0	1.0	0.0	0.0
106	p1	0.2	0.0	0.0
106	protein1	316.6	11.2	2.184365
106	protein2	420.0	15.2	2.060203
106	protein3	103.2	3.8	2.1
106	r2	12.6	0.0	0.0
106	rnapol	0.6	0.0	0.0
107	__protein1_rbs	5.4	0.0	0.0
107	__protein2_rbs	7.8	0.0	0.0
107	__protein3_rbs	1.2	0.0	0.0
107	__ribosome	36.0	0.0	0.0
107	__rnase_site_ext	15.6	0.0	0.0
107	p0	0.8	0.0	0.0
107	p1	0.4	0.0	0.0
107	protein1	321.4	11.0	2.2831744
107	protein2	427.4	15.4	2.0063304
107	protein3	104.4	3.8	2.2666666
107	r2	12.8	0.0	0.0
107	rnapol	0.6	0.0	0.0
108	__protein1_rbs	6.6	0.0	0.0
108	__protein2_rbs	8.8	0.0	0.0
108	__protein3_rbs	2.0	0.0	0.0
108	__ribosome	39.2	0.0	0.0
108	__rnase_site_ext	15.2	0.0	0.0
108	p0	0.8	0.0	0.0
108	p1	0.8	0.0	0.0
108	protein1	326.6	10.8	2.215
108	protein2	435.2	15.8	1.8661974
108	protein3	106.6	3.8	2.2666666
108	r2	12.6	0.0	0.0
108	rnapol	0.4	0.0	0.0
109	__protein1_rbs	6.4	0.0	0.0
109	__protein2_rbs	9.2	0.0	0.0
109	__protein3_rbs	2.2	0.0	0.0
109	__ribosome	38.2	0.0	0.0
109	__rnase_site_ext	15.2	0.0	0.0
109	p0	1.0	0.0	0.0
109	p1	0.8	0.0	0.0
109	protein1	331.4	10.8	2.1788764
109	protein2	441.2	16.0	1.8734314
109	protein3	107.6	3.8	2.2
109	r2	12.8	0.0	0.0
109	rnapol	0.6	0.0	0.0
110	__protein1_rbs	6.4	0.0	0.0
110	__protein2_rbs	9.0	0.0	0.0
110	__protein3_rbs	1.8	0.0	0.0
110	__ribosome	36.4	0.0	0.0
110	__rnase_site_ext	15.2	0.0	0.0
110	p0	1.0	0.0	0.0
110	p1	0.8	0.0	0.0
110	protein1	336.0	10.8	2.2312574
110	protein2	447.0	15.8	1.9882354
110	protein3	109.4	3.8	2.2
110	r2	12.8	0.0	0.0
110	rnapol	1.2	0.0	0.0
111	__protein1_rbs	7.2	0.0	0.0
111	__protein2_rbs	9.8	0.0	0.0
111	__protein3_rbs	2.8	0.0	0.0
111	__ribosome	37.2	0.0	0.0
111	__rnase_site_ext	15.0	0.0	0.0
111	p0	1.0	0.0	0.0
111	p1	0.8	0.0	0.0
111	protein1	341.0	10.8	2.1285712
111	protein2	452.0	16.0	2.0298038
111	protein3	111.2	4.0	1.9466666000000001
111	r2	13.0	0.0	0.0
111	rnapol	1.0	0.0	0.0
112	__protein1_rbs	6.4	0.0	0.0
112	__protein2_rbs	9.4	0.0	0.0
112	__protein3_rbs	2.8	0.0	0.0
112	__ribosome	37.8	0.0	0.0
112	__rnase_site_ext	15.0	0.0	0.0
112	p0	1.0	0.0	0.0
112	p1	0.4	0.0	0.0
112	protein1	346.6	10.8	2.0322221999999996
112	protein2	458.0	16.0	2.0941666000000003
112	protein3	113.0	3.8	1.7399999999999998
112	r2	13.0	0.0	0.0
112	rnapol	1.0	0.0	0.0
113	__protein1_rbs	6.4	0.0	0.0
113	__protein2_rbs	10.0	0.0	0.0
113	__protein3_rbs	2.0	0.0	0.0
113	__ribosome	38.2	0.0	0.0
113	__rnase_site_ext	14.8	0.0	0.0
113	p0	0.8	0.0	0.0
113	p1	0.8	0.0	0.0
113	protein1	350.6	10.6	2.1177778
113	protein2	465.4	16.2	1.9789706
113	protein3	114.6	4.0	1.8333334
113	r2	13.4	0.0	0.0
113	rnapol	1.2	0.0	0.0
114	__protein1_rbs	6.4	0.0	0.0
114	__protein2_rbs	7.2	0.0	0.0
114	__protein3_rbs	2.4	0.0	0.0
114	__ribosome	37.6	0.0	0.0
114	__rnase_site_ext	15.2	0.0	0.0
114	p0	0.8	0.0	0.0
114	p1	0.6	0.0	0.0
114	protein1	355.6	10.4	2.0198414000000002
114	protein2	473.0	16.4	2.0792646
114	protein3	116.6	3.8	2.0566668000000004
114	r2	13.4	0.0	0.0
114	rnapol	0.8	0.0	0.0
115	__protein1_rbs	6.8	0.0	0.0
115	__protein2_rbs	9.0	0.0	0.0
115	__protein3_rbs	2.6	0.0	0.0
115	__ribosome	36.2	0.0	0.0
115	__rnase_site_ext	15.4	0.0	0.0
115	p0	0.8	0.0	0.0
115	p1	0.4	0.0	0.0
115	protein1	359.4	11.0	1.9788888
115	protein2	478.6	16.2	2.1822058
115	protein3	118.2	3.6	2.15
115	r2	13.4	0.0	0.0
115	rnapol	0.8	0.0	0.0
116	__protein1_rbs	6.0	0.0	0.0
116	__protein2_rbs	9.0	0.0	0.0
116	__protein3_rbs	1.6	0.0	0.0
116	__ribosome	33.6	0.0	0.0
116	__rnase_site_ext	15.6	0.0	0.0
116	p0	0.6	0.0	0.0
116	p1	0.8	0.0	0.0
116	protein1	364.4	11.2	2.0011111999999995
116	protein2	485.8	16.2	2.2239624
116	protein3	119.2	3.8	2.48
116	r2	13.6	0.0	0.0
116	rnapol	0.2	0.0	0.0
117	__protein1_rbs	7.2	0.0	0.0
117	__protein2_rbs	8.6	0.0	0.0
117	__protein3_rbs	2.0	0.0	0.0
117	__ribosome	32.8	0.0	0.0
117	__rnase_site_ext	15.6	0.0	0.0
117	p0	0.8	0.0	0.0
117	p1	1.0	0.0	0.0
117	protein1	369.2	11.2	1.898788
117	protein2	492.0	16.8	2.233212
117	protein3	120.6	3.6	2.65
117	r2	13.2	0.0	0.0
117	rnapol	0.0	0.0	0.0
118	__protein1_rbs	7.0	0.0	0.0
118	__protein2_rbs	10.8	0.0	0.0
118	__protein3_rbs	2.0	0.0	0.0
118	__ribosome	34.2	0.0	0.0
118	__rnase_site_ext	15.4	0.0	0.0
118	p0	1.0	0.0	0.0
118	p1	0.4	0.0	0.0
118	protein1	373.4	11.2	1.9206061999999997
118	protein2	499.2	16.6	2.1451857999999997
118	protein3	122.2	3.6	2.54
118	r2	13.6	0.0	0.0
118	rnapol	0.4	0.0	0.0
119	__protein1_rbs	5.4	0.0	0.0
119	__protein2_rbs	10.4	0.0	0.0
119	__protein3_rbs	2.4	0.0	0.0
119	__ribosome	33.8	0.0	0.0
119	__rnase_site_ext	15.4	0.0	0.0
119	p0	1.0	0.0	0.0
119	p1	0.4	0.0	0.0
119	protein1	377.4	11.0	2.1084848000000003
119	protein2	506.8	16.6	2.1013888
119	protein3	124.0	3.8	2.19
119	r2	13.4	0.0	0.0
119	rnapol	0.2	0.0	0.0
120	__protein1_rbs	6.2	0.0	0.0
120	__protein2_rbs	8.6	0.0	0.0
120	__protein3_rbs	2.6	0.0	0.0
120	__ribosome	32.4	0.0	0.0
120	__rnase_site_ext	15.2	0.0	0.0
120	p0	1.0	0.0	0.0
120	p1	0.6	0.0	0.0
120	protein1	382.0	11.0	2.1515150000000003
120	protein2	514.4	16.6	2.188072
120	protein3	125.8	3.8	1.96
120	r2	13.6	0.0	0.0
120	rnapol	0.8	0.0	0.0
121	__protein1_rbs	7.0	0.0	0.0
121	__protein2_rbs	10.2	0.0	0.0
121	__protein3_rbs	1.4	0.0	0.0
121	__ribosome	34.6	0.0	0.0
121	__rnase_site_ext	15.0	0.0	0.0
121	p0	0.6	0.0	0.0
121	p1	0.4	0.0	0.0
121	protein1	387.4	11.0	1.9955556
121	protein2	521.6	16.4	2.1352942
121	protein3	127.4	3.8	2.23
121	r2	14.2	0.0	0.0
121	rnapol	0.8	0.0	0.0
122	__protein1_rbs	5.4	0.0	0.0
122	__protein2_rbs	10.8	0.0	0.0
122	__protein3_rbs	2.6	0.0	0.0
122	__ribosome	37.2	0.0	0.0
122	__rnase_site_ext	15.2	0.0	0.0
122	p0	1.0	0.0	0.0
122	p1	0.2	0.0	0.0
122	protein1	391.4	10.6	2.1814139999999997
122	protein2	529.6	16.4	1.9875
122	protein3	129.8	4.0	1.88
122	r2	14.2	0.0	0.0
122	rnapol	0.8	0.0	0.0
123	__protein1_rbs	5.8	0.0	0.0
123	__protein2_rbs	9.4	0.0	0.0
123	__protein3_rbs	2.2	0.0	0.0
123	__ribosome	35.4	0.0	0.0
123	__rnase_site_ext	15.4	0.0	0.0
123	p0	0.6	0.0	0.0
123	p1	0.6	0.0	0.0
123	protein1	395.8	10.8	2.2214286000000003
123	protein2	536.0	16.2	2.065
123	protein3	131.0	4.0	2.01
123	r2	14.4	0.0	0.0
123	rnapol	0.4	0.0	0.0
124	__protein1_rbs	6.2	0.0	0.0
124	__protein2_rbs	10.2	0.0	0.0
124	__protein3_rbs	1.8	0.0	0.0
124	__ribosome	35.4	0.0	0.0
124	__rnase_site_ext	15.8	0.0	0.0
124	p0	0.6	0.0	0.0
124	p1	0.6	0.0	0.0
124	protein1	400.2	11.0	2.1897834
124	protein2	543.4	16.8	1.9325488000000002
124	protein3	132.6	4.0	2.26
124	r2	14.0	0.0	0.0
124	rnapol	0.6	0.0	0.0
125	__protein1_rbs	6.4	0.0	0.0
125	__protein2_rbs	8.4	0.0	0.0
125	__protein3_rbs	2.2	0.0	0.0
125	__ribosome	36.0	0.0	0.0
125	__rnase_site_ext	16.0	0.0	0.0
125	p0	0.8	0.0	0.0
125	p1	1.0	0.0	0.0
125	protein1	405.8	11.4	2.0021646
125	protein2	551.8	16.6	1.955719
125	protein3	134.0	4.0	2.35
125	r2	14.2	0.0	0.0
125	rnapol	0.6	0.0	0.0
126	__protein1_rbs	6.8	0.0	0.0
126	__protein2_rbs	11.6	0.0	0.0
126	__protein3_rbs	2.0	0.0	0.0
126	__ribosome	35.4	0.0	0.0
126	__rnase_site_ext	16.2	0.0	0.0
126	p0	0.8	0.0	0.0
126	p1	1.0	0.0	0.0
126	protein1	409.0	11.6	2.1408082000000004
126	protein2	558.0	16.8	1.8691176
126	protein3	136.0	3.8	2.42
126	r2	14.6	0.0	0.0
126	rnapol	0.4	0.0	0.0
127	__protein1_rbs	6.6	0.0	0.0
127	__protein2_rbs	10.2	0.0	0.0
127	__protein3_rbs	3.0	0.0	0.0
127	__ribosome	35.4	0.0	0.0
127	__rnase_site_ext	16.0	0.0	0.0
127	p0	1.0	0.0	0.0
127	p1	1.0	0.0	0.0
127	protein1	415.0	11.8	2.0565658
127	protein2	563.8	16.6	1.9661764
127	protein3	137.6	3.6	2.4
127	r2	14.4	0.0	0.0
127	rnapol	0.8	0.0	0.0
128	__protein1_rbs	6.2	0.0	0.0
128	__protein2_rbs	10.0	0.0	0.0
128	__protein3_rbs	2.6	0.0	0.0
128	__ribosome	35.0	0.0	0.0
128	__rnase_site_ext	16.4	0.0	0.0
128	p0	0.6	0.0	0.0
128	p1	0.8	0.0	0.0
128	protein1	420.0	11.8	2.0804294
128	protein2	571.0	16.4	1.9772058
128	protein3	138.8	3.8	2.33
128	r2	14.8	0.0	0.0
128	rnapol	1.0	0.0	0.0
129	__protein1_rbs	7.2	0.0	0.0
129	__protein2_rbs	9.8	0.0	0.0
129	__protein3_rbs	2.6	0.0	0.0
129	__ribosome	37.6	0.0	0.0
129	__rnase_site_ext	16.4	0.0	0.0
129	p0	1.0	0.0	0.0
129	p1	0.6	0.0	0.0
129	protein1	424.6	12.2	2.0486112000000003
129	protein2	579.2	16.2	1.9068136000000002
129	protein3	141.4	3.8	1.85
129	r2	14.4	0.0	0.0
129	rnapol	1.2	0.0	0.0
130	__protein1_rbs	5.8	0.0	0.0
130	__protein2_rbs	8.6	0.0	0.0
130	__protein3_rbs	1.8	0.0	0.0
130	__ribosome	35.8	0.0	0.0
130	__rnase_site_ext	16.8	0.0	0.0
130	p0	0.8	0.0	0.0
130	p1	0.4	0.0	0.0
130	protein1	430.0	12.2	2.0861112
130	protein2	586.0	16.2	1.9766666
130	protein3	143.2	3.8	1.91
130	r2	14.8	0.0	0.0
130	rnapol	0.8	0.0	0.0
131	__protein1_rbs	7.8	0.0	0.0
131	__protein2_rbs	8.2	0.0	0.0
131	__protein3_rbs	2.8	0.0	0.0
131	__ribosome	33.4	0.0	0.0
131	__rnase_site_ext	17.2	0.0	0.0
131	p0	0.4	0.0	0.0
131	p1	0.6	0.0	0.0
131	protein1	434.0	12.4	2.0862178
131	protein2	591.4	16.2	2.132353
131	protein3	145.2	4.0	1.49
131	r2	14.0	0.0	0.0
131	rnapol	0.2	0.0	0.0
132	__protein1_rbs	8.2	0.0	0.0
132	__protein2_rbs	10.0	0.0	0.0
132	__protein3_rbs	2.4	0.0	0.0
132	__ribosome	35.2	0.0	0.0
132	__rnase_site_ext	17.2	0.0	0.0
132	p0	0.8	0.0	0.0
132	p1	0.8	0.0	0.0
132	protein1	440.0	12.8	1.8392950000000001
132	protein2	598.8	16.8	2.0518790000000005
132	protein3	146.2	3.8	1.7466666000000004
132	r2	13.8	0.0	0.0
132	rnapol	0.2	0.0	0.0
133	__protein1_rbs	8.0	0.0	0.0
133	__protein2_rbs	9.8	0.0	0.0
133	__protein3_rbs	2.0	0.0	0.0
133	__ribosome	33.4	0.0	0.0
133	__rnase_site_ext	17.0	0.0	0.0
133	p0	1.0	0.0	0.0
133	p1	0.8	0.0	0.0
133	protein1	444.4	13.2	1.8491259999999998
133	protein2	605.4	17.0	2.0593464
133	protein3	148.0	3.8	1.92
133	r2	13.4	0.0	0.0
133	rnapol	0.4	0.0	0.0
134	__protein1_rbs	8.0	0.0	0.0
134	__protein2_rbs	7.4	0.0	0.0
134	__protein3_rbs	2.6	0.0	0.0
134	__ribosome	32.0	0.0	0.0
134	__rnase_site_ext	17.0	0.0	0.0
134	p0	1.0	0.0	0.0
134	p1	0.8	0.0	0.0
134	protein1	450.6	13.0	1.8343824
134	protein2	613.0	16.2	2.2490546
134	protein3	148.8	4.2	1.8933331999999998
134	r2	13.4	0.0	0.0
134	rnapol	0.4	0.0	0.0
135	__protein1_rbs	7.6	0.0	0.0
135	__protein2_rbs	7.2	0.0	0.0
135	__protein3_rbs	2.6	0.0	0.0
135	__ribosome	29.6	0.0	0.0
135	__rnase_site_ext	17.0	0.0	0.0
135	p0	0.8	0.0	0.0
135	p1	0.6	0.0	0.0
135	protein1	455.4	13.0	1.9099358
135	protein2	620.2	16.4	2.3226424000000003
135	protein3	150.6	4.2	1.8866666
135	r2	13.6	0.0	0.0
135	rnapol	0.6	0.0	0.0
136	__protein1_rbs	8.2	0.0	0.0
136	__protein2_rbs	11.4	0.0	0.0
136	__protein3_rbs	2.6	0.0	0.0
136	__ribosome	32.4	0.0	0.0
136	__rnase_site_ext	17.0	0.0	0.0
136	p0	1.0	0.0	0.0
136	p1	0.4	0.0	0.0
136	protein1	460.0	13.0	1.9019812
136	protein2	627.8	16.6	2.140607
136	protein3	152.0	4.2	1.8333334
136	r2	13.6	0.0	0.0
136	rnapol	0.8	0.0	0.0
137	__protein1_rbs	7.8	0.0	0.0
137	__protein2_rbs	11.6	0.0	0.0
137	__protein3_rbs	3.0	0.0	0.0
137	__ribosome	34.4	0.0	0.0
137	__rnase_site_ext	17.2	0.0	0.0
137	p0	0.8	0.0	0.0
137	p1	0.6	0.0	0.0
137	protein1	465.0	13.0	1.9245302
137	protein2	635.0	16.4	2.1089894
137	protein3	154.4	4.2	1.5466666
137	r2	13.8	0.0	0.0
137	rnapol	0.8	0.0	0.0
138	__protein1_rbs	7.6	0.0	0.0
138	__protein2_rbs	8.8	0.0	0.0
138	__protein3_rbs	2.4	0.0	0.0
138	__ribosome	33.0	0.0	0.0
138	__rnase_site_ext	17.4	0.0	0.0
138	p0	1.0	0.0	0.0
138	p1	0.6	0.0	0.0
138	protein1	470.6	13.2	1.936093
138	protein2	642.6	16.8	2.066591
138	protein3	155.6	4.2	1.7
138	r2	13.8	0.0	0.0
138	rnapol	1.2	0.0	0.0
139	__protein1_rbs	6.6	0.0	0.0
139	__protein2_rbs	9.8	0.0	0.0
139	__protein3_rbs	2.8	0.0	0.0
139	__ribosome	34.2	0.0	0.0
139	__rnase_site_ext	17.6	0.0	0.0
139	p0	1.0	0.0	0.0
139	p1	0.6	0.0	0.0
139	protein1	475.8	13.4	2.0205304
139	protein2	650.8	16.6	1.9448366000000001
139	protein3	157.8	4.2	1.5566666
139	r2	13.8	0.0	0.0
139	rnapol	1.0	0.0	0.0
140	__protein1_rbs	8.6	0.0	0.0
140	__protein2_rbs	9.6	0.0	0.0
140	__protein3_rbs	2.4	0.0	0.0
140	__ribosome	33.8	0.0	0.0
140	__rnase_site_ext	17.4	0.0	0.0
140	p0	0.8	0.0	0.0
140	p1	0.6	0.0	0.0
140	protein1	481.0	13.6	1.9793764000000005
140	protein2	659.2	16.8	1.9177778000000003
140	protein3	159.0	4.4	1.7023807999999998
140	r2	13.8	0.0	0.0
140	rnapol	1.0	0.0	0.0
141	__protein1_rbs	8.2	0.0	0.0
141	__protein2_rbs	10.6	0.0	0.0
141	__protein3_rbs	1.8	0.0	0.0
141	__ribosome	30.2	0.0	0.0
141	__rnase_site_ext	17.8	0.0	0.0
141	p0	0.8	0.0	0.0
141	p1	1.0	0.0	0.0
141	protein1	486.0	13.6	2.0161363999999997
141	protein2	665.0	17.2	1.9511988
141	protein3	160.2	4.2	2.0333332
141	r2	14.0	0.0	0.0
141	rnapol	1.2	0.0	0.0
142	__protein1_rbs	7.4	0.0	0.0
142	__protein2_rbs	11.2	0.0	0.0
142	__protein3_rbs	2.2	0.0	0.0
142	__ribosome	31.0	0.0	0.0
142	__rnase_site_ext	17.2	0.0	0.0
142	p0	1.0	0.0	0.0
142	p1	0.8	0.0	0.0
142	protein1	491.8	13.6	2.0200549999999997
142	protein2	672.4	17.4	1.8612384
142	protein3	161.8	4.2	2.1166666000000003
142	r2	13.8	0.0	0.0
142	rnapol	1.2	0.0	0.0
143	__protein1_rbs	7.6	0.0	0.0
143	__protein2_rbs	10.6	0.0	0.0
143	__protein3_rbs	2.6	0.0	0.0
143	__ribosome	30.0	0.0	0.0
143	__rnase_site_ext	17.4	0.0	0.0
143	p0	0.4	0.0	0.0
143	p1	0.8	0.0	0.0
143	protein1	498.2	13.8	2.0141484
143	protein2	678.8	17.0	1.9364706
143	protein3	163.0	4.0	2.4
143	r2	13.4	0.0	0.0
143	rnapol	0.6	0.0	0.0
144	__protein1_rbs	8.2	0.0	0.0
144	__protein2_rbs	10.4	0.0	0.0
144	__protein3_rbs	2.6	0.0	0.0
144	__ribosome	30.2	0.0	0.0
144	__rnase_site_ext	17.8	0.0	0.0
144	p0	0.8	0.0	0.0
144	p1	0.6	0.0	0.0
144	protein1	504.0	13.6	2.0397072
144	protein2	685.2	16.8	2.0076959999999997
144	protein3	165.4	4.0	2.0333334
144	r2	13.8	0.0	0.0
144	rnapol	0.6	0.0	0.0
145	__protein1_rbs	9.2	0.0	0.0
145	__protein2_rbs	10.0	0.0	0.0
145	__protein3_rbs	2.6	0.0	0.0
145	__ribosome	33.6	0.0	0.0
145	__rnase_site_ext	18.0	0.0	0.0
145	p0	0.8	0.0	0.0
145	p1	0.6	0.0	0.0
145	protein1	509.8	14.0	1.9116758
145	protein2	693.8	17.0	1.8986928
145	protein3	167.8	4.0	1.8833334
145	r2	13.8	0.0	0.0
145	rnapol	0.8	0.0	0.0
146	__protein1_rbs	7.4	0.0	0.0
146	__protein2_rbs	10.6	0.0	0.0
146	__protein3_rbs	2.4	0.0	0.0
146	__ribosome	31.6	0.0	0.0
146	__rnase_site_ext	18.2	0.0	0.0
146	p0	1.0	0.0	0.0
146	p1	0.6	0.0	0.0
146	protein1	515.0	14.2	2.0058176
146	protein2	700.8	17.4	1.8743036
146	protein3	169.6	4.2	1.8523808000000002
146	r2	14.0	0.0	0.0
146	rnapol	0.4	0.0	0.0
147	__protein1_rbs	9.0	0.0	0.0
147	__protein2_rbs	13.0	0.0	0.0
147	__protein3_rbs	2.6	0.0	0.0
147	__ribosome	35.2	0.0	0.0
147	__rnase_site_ext	18.0	0.0	0.0
147	p0	1.0	0.0	0.0
147	p1	0.8	0.0	0.0
147	protein1	521.8	14.4	1.8840334
147	protein2	708.4	17.8	1.6919916000000002
147	protein3	170.8	4.2	1.9428572
147	r2	14.0	0.0	0.0
147	rnapol	0.4	0.0	0.0
148	__protein1_rbs	7.6	0.0	0.0
148	__protein2_rbs	10.8	0.0	0.0
148	__protein3_rbs	1.8	0.0	0.0
148	__ribosome	31.4	0.0	0.0
148	__rnase_site_ext	18.2	0.0	0.0
148	p0	1.0	0.0	0.0
148	p1	0.6	0.0	0.0
148	protein1	527.4	14.2	1.9978022000000002
148	protein2	714.8	17.8	1.7756657999999998
148	protein3	172.2	4.2	2.2142858
148	r2	13.4	0.0	0.0
148	rnapol	0.2	0.0	0.0
149	__protein1_rbs	7.8	0.0	0.0
149	__protein2_rbs	9.8	0.0	0.0
149	__protein3_rbs	3.2	0.0	0.0
149	__ribosome	30.2	0.0	0.0
149	__rnase_site_ext	18.2	0.0	0.0
149	p0	0.8	0.0	0.0
149	p1	0.6	0.0	0.0
149	protein1	533.8	14.4	2.0015816
149	protein2	721.8	17.8	1.8665186
149	protein3	174.2	4.6	1.6595238
149	r2	13.8	0.0	0.0
149	rnapol	0.2	0.0	0.0
150	__protein1_rbs	8.2	0.0	0.0
150	__protein2_rbs	11.6	0.0	0.0
150	__protein3_rbs	3.0	0.0	0.0
150	__ribosome	27.4	0.0	0.0
150	__rnase_site_ext	18.2	0.0	0.0
150	p0	0.8	0.0	0.0
150	p1	0.4	0.0	0.0
150	protein1	538.8	14.4	2.1290238
150	protein2	728.4	18.2	1.8390478
150	protein3	175.8	4.6	1.7928571999999998
150	r2	13.8	0.0	0.0
150	rnapol	0.4	0.0	0.0
151	__protein1_rbs	9.4	0.0	0.0
151	__protein2_rbs	11.8	0.0	0.0
151	__protein3_rbs	2.6	0.0	0.0
151	__ribosome	29.0	0.0	0.0
151	__rnase_site_ext	18.6	0.0	0.0
151	p0	1.0	0.0	0.0
151	p1	0.2	0.0	0.0
151	protein1	545.4	14.4	1.9983882
151	protein2	735.2	18.4	1.8612383999999997
151	protein3	177.6	4.6	1.792857
151	r2	13.8	0.0	0.0
151	rnapol	0.4	0.0	0.0
152	__protein1_rbs	8.8	0.0	0.0
152	__protein2_rbs	12.4	0.0	0.0
152	__protein3_rbs	2.6	0.0	0.0
152	__ribosome	28.2	0.0	0.0
152	__rnase_site_ext	18.6	0.0	0.0
152	p0	0.8	0.0	0.0
152	p1	0.2	0.0	0.0
152	protein1	551.2	14.6	2.0404183999999996
152	protein2	742.0	18.6	1.8636534
152	protein3	179.4	4.4	1.7333333999999998
152	r2	13.8	0.0	0.0
152	rnapol	0.2	0.0	0.0
153	__protein1_rbs	9.6	0.0	0.0
153	__protein2_rbs	11.8	0.0	0.0
153	__protein3_rbs	2.4	0.0	0.0
153	__ribosome	30.2	0.0	0.0
153	__rnase_site_ext	19.0	0.0	0.0
153	p0	1.0	0.0	0.0
153	p1	1.0	0.0	0.0
153	protein1	557.6	14.6	1.9341276
153	protein2	750.6	19.0	1.7691086000000005
153	protein3	181.0	4.6	1.7785714
153	r2	13.6	0.0	0.0
153	rnapol	0.2	0.0	0.0
154	__protein1_rbs	9.0	0.0	0.0
154	__protein2_rbs	10.4	0.0	0.0
154	__protein3_rbs	3.6	0.0	0.0
154	__ribosome	28.0	0.0	0.0
154	__rnase_site_ext	19.0	0.0	0.0
154	p0	1.0	0.0	0.0
154	p1	0.8	0.0	0.0
154	protein1	564.6	14.8	1.8322266
154	protein2	757.6	19.8	1.8624243999999999
154	protein3	182.8	4.6	1.8266666
154	r2	13.8	0.0	0.0
154	rnapol	1.0	0.0	0.0
155	__protein1_rbs	9.0	0.0	0.0
155	__protein2_rbs	11.2	0.0	0.0
155	__protein3_rbs	3.2	0.0	0.0
155	__ribosome	27.8	0.0	0.0
155	__rnase_site_ext	19.0	0.0	0.0
155	p0	1.0	0.0	0.0
155	p1	0.8	0.0	0.0
155	protein1	571.2	14.8	1.797031
155	protein2	765.0	19.6	1.9364646
155	protein3	184.2	4.6	1.7714286
155	r2	14.0	0.0	0.0
155	rnapol	1.0	0.0	0.0
156	__protein1_rbs	9.8	0.0	0.0
156	__protein2_rbs	12.6	0.0	0.0
156	__protein3_rbs	3.6	0.0	0.0
156	__ribosome	27.6	0.0	0.0
156	__rnase_site_ext	19.2	0.0	0.0
156	p0	1.0	0.0	0.0
156	p1	0.6	0.0	0.0
156	protein1	575.6	14.8	1.8717139999999999
156	protein2	772.4	19.6	1.9217172
156	protein3	186.2	4.6	1.5928572
156	r2	14.2	0.0	0.0
156	rnapol	1.0	0.0	0.0
157	__protein1_rbs	8.8	0.0	0.0
157	__protein2_rbs	10.4	0.0	0.0
157	__protein3_rbs	2.4	0.0	0.0
157	__ribosome	23.6	0.0	0.0
157	__rnase_site_ext	19.4	0.0	0.0
157	p0	0.6	0.0	0.0
157	p1	0.8	0.0	0.0
157	protein1	582.2	14.8	1.8222266
157	protein2	777.8	20.0	2.0796538
157	protein3	188.2	4.6	1.8314286
157	r2	15.0	0.0	0.0
157	rnapol	1.2	0.0	0.0
158	__protein1_rbs	9.2	0.0	0.0
158	__protein2_rbs	12.8	0.0	0.0
158	__protein3_rbs	3.6	0.0	0.0
158	__ribosome	27.4	0.0	0.0
158	__rnase_site_ext	20.0	0.0	0.0
158	p0	0.8	0.0	0.0
158	p1	0.8	0.0	0.0
158	protein1	587.6	15.0	1.8512618000000003
158	protein2	788.2	20.0	1.8926482
158	protein3	190.4	4.8	1.6016666000000002
158	r2	15.4	0.0	0.0
158	rnapol	1.0	0.0	0.0
159	__protein1_rbs	9.8	0.0	0.0
159	__protein2_rbs	13.0	0.0	0.0
159	__protein3_rbs	3.6	0.0	0.0
159	__ribosome	29.2	0.0	0.0
159	__rnase_site_ext	20.0	0.0	0.0
159	p0	0.8	0.0	0.0
159	p1	0.6	0.0	0.0
159	protein1	593.6	15.6	1.7581600000000002
159	protein2	797.6	19.8	1.8078363999999998
159	protein3	191.4	4.8	1.65
159	r2	15.4	0.0	0.0
159	rnapol	1.2	0.0	0.0
160	__protein1_rbs	9.8	0.0	0.0
160	__protein2_rbs	12.6	0.0	0.0
160	__protein3_rbs	2.8	0.0	0.0
160	__ribosome	29.2	0.0	0.0
160	__rnase_site_ext	20.6	0.0	0.0
160	p0	0.4	0.0	0.0
160	p1	0.6	0.0	0.0
160	protein1	599.6	16.0	1.7273222
160	protein2	806.0	19.8	1.7618046000000005
160	protein3	193.4	4.8	1.7566665999999995
160	r2	15.6	0.0	0.0
160	rnapol	0.6	0.0	0.0
161	__protein1_rbs	10.2	0.0	0.0
161	__protein2_rbs	12.8	0.0	0.0
161	__protein3_rbs	2.6	0.0	0.0
161	__ribosome	26.6	0.0	0.0
161	__rnase_site_ext	21.0	0.0	0.0
161	p0	0.8	0.0	0.0
161	p1	1.0	0.0	0.0
161	protein1	604.6	15.8	1.8307082
161	protein2	812.8	20.2	1.7919802000000005
161	protein3	195.6	5.0	1.6166668000000002
161	r2	15.6	0.0	0.0
161	rnapol	0.2	0.0	0.0
162	__protein1_rbs	10.4	0.0	0.0
162	__protein2_rbs	12.8	0.0	0.0
162	__protein3_rbs	3.4	0.0	0.0
162	__ribosome	28.6	0.0	0.0
162	__rnase_site_ext	20.6	0.0	0.0
162	p0	1.0	0.0	0.0
162	p1	1.0	0.0	0.0
162	protein1	611.6	16.2	1.718805
162	protein2	820.6	20.2	1.772431
162	protein3	197.4	5.0	1.5666668
162	r2	15.2	0.0	0.0
162	rnapol	0.4	0.0	0.0
163	__protein1_rbs	9.8	0.0	0.0
163	__protein2_rbs	13.2	0.0	0.0
163	__protein3_rbs	3.0	0.0	0.0
163	__ribosome	28.4	0.0	0.0
163	__rnase_site_ext	20.6	0.0	0.0
163	p0	1.0	0.0	0.0
163	p1	0.8	0.0	0.0
163	protein1	616.8	16.2	1.7902146
163	protein2	829.2	19.6	1.7247515999999998
163	protein3	198.4	5.0	1.7166668
163	r2	15.2	0.0	0.0
163	rnapol	0.6	0.0	0.0
164	__protein1_rbs	10.4	0.0	0.0
164	__protein2_rbs	12.8	0.0	0.0
164	__protein3_rbs	2.6	0.0	0.0
164	__ribosome	27.8	0.0	0.0
164	__rnase_site_ext	20.4	0.0	0.0
164	p0	1.0	0.0	0.0
164	p1	0.4	0.0	0.0
164	protein1	622.2	16.0	1.8467738
164	protein2	837.2	19.6	1.7269424
164	protein3	200.6	4.8	1.8583333999999998
164	r2	15.4	0.0	0.0
164	rnapol	1.0	0.0	0.0
165	__protein1_rbs	9.4	0.0	0.0
165	__protein2_rbs	11.6	0.0	0.0
165	__protein3_rbs	3.2	0.0	0.0
165	__ribosome	28.2	0.0	0.0
165	__rnase_site_ext	20.6	0.0	0.0
165	p0	0.8	0.0	0.0
165	p1	0.2	0.0	0.0
165	protein1	629.2	15.8	1.8528851999999998
165	protein2	845.0	19.6	1.7342711999999998
165	protein3	202.8	4.8	1.8033333999999999
165	r2	15.4	0.0	0.0
165	rnapol	1.2	0.0	0.0
166	__protein1_rbs	11.2	0.0	0.0
166	__protein2_rbs	13.0	0.0	0.0
166	__protein3_rbs	2.6	0.0	0.0
166	__ribosome	26.6	0.0	0.0
166	__rnase_site_ext	20.8	0.0	0.0
166	p0	0.8	0.0	0.0
166	p1	0.8	0.0	0.0
166	protein1	635.6	16.0	1.7672921999999998
166	protein2	851.0	20.2	1.7731065999999998
166	protein3	204.6	4.8	1.9533334
166	r2	15.4	0.0	0.0
166	rnapol	1.0	0.0	0.0
167	__protein1_rbs	10.8	0.0	0.0
167	__protein2_rbs	12.0	0.0	0.0
167	__protein3_rbs	3.2	0.0	0.0
167	__ribosome	26.2	0.0	0.0
167	__rnase_site_ext	20.8	0.0	0.0
167	p0	1.0	0.0	0.0
167	p1	0.4	0.0	0.0
167	protein1	641.8	16.0	1.7602662000000002
167	protein2	859.4	20.4	1.7892486
167	protein3	206.6	5.0	1.905
167	r2	15.0	0.0	0.0
167	rnapol	0.8	0.0	0.0
168	__protein1_rbs	10.8	0.0	0.0
168	__protein2_rbs	12.6	0.0	0.0
168	__protein3_rbs	3.6	0.0	0.0
168	__ribosome	26.2	0.0	0.0
168	__rnase_site_ext	20.4	0.0	0.0
168	p0	0.8	0.0	0.0
168	p1	0.2	0.0	0.0
168	protein1	648.6	16.4	1.6500666000000002
168	protein2	865.8	20.6	1.8496637999999999
168	protein3	208.8	5.0	1.83
168	r2	15.0	0.0	0.0
168	rnapol	0.6	0.0	0.0
169	__protein1_rbs	10.2	0.0	0.0
169	__protein2_rbs	13.8	0.0	0.0
169	__protein3_rbs	4.4	0.0	0.0
169	__ribosome	24.8	0.0	0.0
169	__rnase_site_ext	19.8	0.0	0.0
169	p0	1.0	0.0	0.0
169	p1	0.6	0.0	0.0
169	protein1	653.2	16.0	1.7872788
169	protein2	872.6	20.8	1.8852944
169	protein3	210.8	5.2	1.545
169	r2	14.6	0.0	0.0
169	rnapol	0.8	0.0	0.0
170	__protein1_rbs	9.2	0.0	0.0
170	__protein2_rbs	12.2	0.0	0.0
170	__protein3_rbs	4.0	0.0	0.0
170	__ribosome	24.8	0.0	0.0
170	__rnase_site_ext	19.6	0.0	0.0
170	p0	1.0	0.0	0.0
170	p1	1.0	0.0	0.0
170	protein1	660.6	15.4	1.8045614000000003
170	protein2	882.0	21.4	1.8659092
170	protein3	212.6	5.2	1.53
170	r2	15.0	0.0	0.0
170	rnapol	0.8	0.0	0.0
171	__protein1_rbs	10.0	0.0	0.0
171	__protein2_rbs	14.4	0.0	0.0
171	__protein3_rbs	3.6	0.0	0.0
171	__ribosome	27.8	0.0	0.0
171	__rnase_site_ext	20.0	0.0	0.0
171	p0	0.4	0.0	0.0
171	p1	1.0	0.0	0.0
171	protein1	667.4	15.2	1.7632236000000001
171	protein2	890.8	21.4	1.7924964
171	protein3	214.6	5.2	1.45
171	r2	15.0	0.0	0.0
171	rnapol	1.0	0.0	0.0
172	__protein1_rbs	8.8	0.0	0.0
172	__protein2_rbs	13.8	0.0	0.0
172	__protein3_rbs	3.8	0.0	0.0
172	__ribosome	25.2	0.0	0.0
172	__rnase_site_ext	20.0	0.0	0.0
172	p0	0.8	0.0	0.0
172	p1	0.8	0.0	0.0
172	protein1	671.4	15.2	1.9258608
172	protein2	898.8	21.4	1.8064936000000003
172	protein3	216.6	4.8	1.5716667999999998
172	r2	15.2	0.0	0.0
172	rnapol	1.0	0.0	0.0
173	__protein1_rbs	10.0	0.0	0.0
173	__protein2_rbs	13.2	0.0	0.0
173	__protein3_rbs	2.8	0.0	0.0
173	__ribosome	24.4	0.0	0.0
173	__rnase_site_ext	19.8	0.0	0.0
173	p0	0.6	0.0	0.0
173	p1	0.6	0.0	0.0
173	protein1	678.6	15.4	1.8284124
173	protein2	906.8	21.4	1.8602814
173	protein3	218.0	4.8	1.6766666
173	r2	15.8	0.0	0.0
173	rnapol	1.0	0.0	0.0
174	__protein1_rbs	9.4	0.0	0.0
174	__protein2_rbs	14.6	0.0	0.0
174	__protein3_rbs	3.2	0.0	0.0
174	__ribosome	23.2	0.0	0.0
174	__rnase_site_ext	20.2	0.0	0.0
174	p0	1.0	0.0	0.0
174	p1	0.6	0.0	0.0
174	protein1	683.6	15.4	1.940754
174	protein2	914.6	21.6	1.8269085999999999
174	protein3	220.0	4.8	1.5850000000000002
174	r2	16.0	0.0	0.0
174	rnapol	1.2	0.0	0.0
175	__protein1_rbs	9.0	0.0	0.0
175	__protein2_rbs	14.8	0.0	0.0
175	__protein3_rbs	3.8	0.0	0.0
175	__ribosome	26.6	0.0	0.0
175	__rnase_site_ext	20.6	0.0	0.0
175	p0	0.6	0.0	0.0
175	p1	0.8	0.0	0.0
175	protein1	690.8	15.6	1.8866666000000003
175	protein2	925.0	21.8	1.6650966
175	protein3	220.8	4.8	1.58
175	r2	15.6	0.0	0.0
175	rnapol	0.8	0.0	0.0
176	__protein1_rbs	10.2	0.0	0.0
176	__protein2_rbs	13.6	0.0	0.0
176	__protein3_rbs	2.8	0.0	0.0
176	__ribosome	25.2	0.0	0.0
176	__rnase_site_ext	20.4	0.0	0.0
176	p0	1.0	0.0	0.0
176	p1	0.8	0.0	0.0
176	protein1	696.4	16.0	1.8316668
176	protein2	932.2	21.6	1.7762458000000003
176	protein3	223.0	4.4	1.8216666000000001
176	r2	15.6	0.0	0.0
176	rnapol	0.8	0.0	0.0
177	__protein1_rbs	10.4	0.0	0.0
177	__protein2_rbs	13.6	0.0	0.0
177	__protein3_rbs	2.6	0.0	0.0
177	__ribosome	26.6	0.0	0.0
177	__rnase_site_ext	20.2	0.0	0.0
177	p0	1.0	0.0	0.0
177	p1	0.6	0.0	0.0
177	protein1	703.6	16.0	1.787222
177	protein2	941.6	21.6	1.7312994
177	protein3	224.4	4.6	1.8744444
177	r2	15.6	0.0	0.0
177	rnapol	0.8	0.0	0.0
178	__protein1_rbs	9.2	0.0	0.0
178	__protein2_rbs	13.4	0.0	0.0
178	__protein3_rbs	2.8	0.0	0.0
178	__ribosome	26.4	0.0	0.0
178	__rnase_site_ext	20.4	0.0	0.0
178	p0	0.8	0.0	0.0
178	p1	0.4	0.0	0.0
178	protein1	709.2	16.0	1.8805556
178	protein2	949.6	21.0	1.7318341999999998
178	protein3	226.6	4.6	1.6577778
178	r2	16.0	0.0	0.0
178	rnapol	0.2	0.0	0.0
179	__protein1_rbs	9.8	0.0	0.0
179	__protein2_rbs	15.0	0.0	0.0
179	__protein3_rbs	3.4	0.0	0.0
179	__ribosome	26.6	0.0	0.0
179	__rnase_site_ext	20.4	0.0	0.0
179	p0	1.0	0.0	0.0
179	p1	0.8	0.0	0.0
179	protein1	716.0	16.2	1.808317
179	protein2	957.4	21.6	1.6779904
179	protein3	227.8	4.8	1.6755555999999998
179	r2	16.0	0.0	0.0
179	rnapol	0.6	0.0	0.0
180	__protein1_rbs	10.2	0.0	0.0
180	__protein2_rbs	16.0	0.0	0.0
180	__protein3_rbs	2.8	0.0	0.0
180	__ribosome	26.6	0.0	0.0
180	__rnase_site_ext	20.0	0.0	0.0
180	p0	1.0	0.0	0.0
180	p1	0.6	0.0	0.0
180	protein1	722.8	16.2	1.7913351999999998
180	protein2	965.2	21.6	1.6587319999999999
180	protein3	229.0	4.8	1.8933334
180	r2	16.4	0.0	0.0
180	rnapol	0.8	0.0	0.0
181	__protein1_rbs	10.6	0.0	0.0
181	__protein2_rbs	12.4	0.0	0.0
181	__protein3_rbs	2.6	0.0	0.0
181	__ribosome	27.2	0.0	0.0
181	__rnase_site_ext	20.2	0.0	0.0
181	p0	0.6	0.0	0.0
181	p1	0.6	0.0	0.0
181	protein1	729.2	15.8	1.8196844000000003
181	protein2	974.4	21.6	1.6602073999999998
181	protein3	231.4	4.8	1.7600000000000002
181	r2	16.2	0.0	0.0
181	rnapol	0.6	0.0	0.0
182	__protein1_rbs	11.4	0.0	0.0
182	__protein2_rbs	15.2	0.0	0.0
182	__protein3_rbs	4.0	0.0	0.0
182	__ribosome	28.8	0.0	0.0
182	__rnase_site_ext	20.0	0.0	0.0
182	p0	1.0	0.0	0.0
182	p1	0.6	0.0	0.0
182	protein1	734.6	15.8	1.7848982
182	protein2	982.0	21.8	1.6280132000000005
182	protein3	233.2	5.0	1.5211112
182	r2	16.4	0.0	0.0
182	rnapol	0.4	0.0	0.0
183	__protein1_rbs	10.2	0.0	0.0
183	__protein2_rbs	13.4	0.0	0.0
183	__protein3_rbs	3.4	0.0	0.0
183	__ribosome	27.4	0.0	0.0
183	__rnase_site_ext	19.6	0.0	0.0
183	p0	0.8	0.0	0.0
183	p1	1.0	0.0	0.0
183	protein1	741.4	15.8	1.7942234000000001
183	protein2	989.6	22.0	1.6885966000000001
183	protein3	235.2	5.0	1.4811112000000002
183	r2	16.8	0.0	0.0
183	rnapol	1.0	0.0	0.0
184	__protein1_rbs	8.8	0.0	0.0
184	__protein2_rbs	11.8	0.0	0.0
184	__protein3_rbs	4.0	0.0	0.0
184	__ribosome	27.4	0.0	0.0
184	__rnase_site_ext	20.4	0.0	0.0
184	p0	0.6	0.0	0.0
184	p1	0.6	0.0	0.0
184	protein1	748.8	15.6	1.7704852000000002
184	protein2	998.0	21.8	1.7416906000000003
184	protein3	236.8	5.0	1.3866668
184	r2	16.8	0.0	0.0
184	rnapol	0.8	0.0	0.0
185	__protein1_rbs	11.4	0.0	0.0
185	__protein2_rbs	13.8	0.0	0.0
185	__protein3_rbs	2.4	0.0	0.0
185	__ribosome	26.2	0.0	0.0
185	__rnase_site_ext	20.2	0.0	0.0
185	p0	1.0	0.0	0.0
185	p1	0.6	0.0	0.0
185	protein1	754.0	16.0	1.6705392
185	protein2	1004.2	21.4	1.8482786
185	protein3	239.6	4.8	1.5516666000000001
185	r2	16.6	0.0	0.0
185	rnapol	0.8	0.0	0.0
186	__protein1_rbs	10.4	0.0	0.0
186	__protein2_rbs	12.4	0.0	0.0
186	__protein3_rbs	2.0	0.0	0.0
186	__ribosome	24.6	0.0	0.0
186	__rnase_site_ext	20.0	0.0	0.0
186	p0	0.8	0.0	0.0
186	p1	0.6	0.0	0.0
186	protein1	760.0	16.0	1.6663723999999998
186	protein2	1013.6	21.0	1.8581311999999999
186	protein3	240.2	4.8	1.99
186	r2	16.6	0.0	0.0
186	rnapol	1.0	0.0	0.0
187	__protein1_rbs	9.4	0.0	0.0
187	__protein2_rbs	12.6	0.0	0.0
187	__protein3_rbs	3.0	0.0	0.0
187	__ribosome	24.8	0.0	0.0
187	__rnase_site_ext	20.0	0.0	0.0
187	p0	0.8	0.0	0.0
187	p1	0.6	0.0	0.0
187	protein1	766.0	15.8	1.7183331999999998
187	protein2	1021.4	20.8	1.8635714
187	protein3	242.6	4.8	2.0083333999999997
187	r2	16.4	0.0	0.0
187	rnapol	0.8	0.0	0.0
188	__protein1_rbs	9.0	0.0	0.0
188	__protein2_rbs	11.0	0.0	0.0
188	__protein3_rbs	3.0	0.0	0.0
188	__ribosome	21.4	0.0	0.0
188	__rnase_site_ext	20.0	0.0	0.0
188	p0	0.8	0.0	0.0
188	p1	0.6	0.0	0.0
188	protein1	771.2	15.6	1.8183773999999997
188	protein2	1029.8	21.2	1.9042536
188	protein3	243.6	4.8	2.2
188	r2	16.4	0.0	0.0
188	rnapol	0.8	0.0	0.0
189	__protein1_rbs	10.4	0.0	0.0
189	__protein2_rbs	13.8	0.0	0.0
189	__protein3_rbs	2.8	0.0	0.0
189	__ribosome	25.0	0.0	0.0
189	__rnase_site_ext	20.0	0.0	0.0
189	p0	1.0	0.0	0.0
189	p1	0.6	0.0	0.0
189	protein1	778.4	15.8	1.7432044000000002
189	protein2	1039.0	21.0	1.8192754
189	protein3	246.6	4.8	2.0266666
189	r2	15.8	0.0	0.0
189	rnapol	0.8	0.0	0.0
190	__protein1_rbs	10.2	0.0	0.0
190	__protein2_rbs	14.6	0.0	0.0
190	__protein3_rbs	2.6	0.0	0.0
190	__ribosome	25.2	0.0	0.0
190	__rnase_site_ext	20.6	0.0	0.0
190	p0	0.6	0.0	0.0
190	p1	0.4	0.0	0.0
190	protein1	782.6	15.8	1.8667106
190	protein2	1047.6	21.0	1.7389394
190	protein3	249.0	4.8	1.8842858
190	r2	16.2	0.0	0.0
190	rnapol	0.2	0.0	0.0
191	__protein1_rbs	10.8	0.0	0.0
191	__protein2_rbs	13.8	0.0	0.0
191	__protein3_rbs	2.4	0.0	0.0
191	__ribosome	24.2	0.0	0.0
191	__rnase_site_ext	20.4	0.0	0.0
191	p0	0.8	0.0	0.0
191	p1	0.6	0.0	0.0
191	protein1	790.0	16.0	1.7327488000000002
191	protein2	1055.2	21.8	1.7643478
191	protein3	251.0	5.0	1.9428572
191	r2	16.0	0.0	0.0
191	rnapol	0.0	0.0	0.0
192	__protein1_rbs	9.6	0.0	0.0
192	__protein2_rbs	15.2	0.0	0.0
192	__protein3_rbs	3.0	0.0	0.0
192	__ribosome	24.0	0.0	0.0
192	__rnase_site_ext	20.2	0.0	0.0
192	p0	1.0	0.0	0.0
192	p1	1.0	0.0	0.0
192	protein1	795.4	15.8	1.8565171999999999
192	protein2	1064.8	22.0	1.6653976000000001
192	protein3	253.2	5.0	2.0657142
192	r2	15.8	0.0	0.0
192	rnapol	0.0	0.0	0.0
193	__protein1_rbs	10.2	0.0	0.0
193	__protein2_rbs	14.4	0.0	0.0
193	__protein3_rbs	3.4	0.0	0.0
193	__ribosome	25.4	0.0	0.0
193	__rnase_site_ext	20.0	0.0	0.0
193	p0	1.0	0.0	0.0
193	p1	1.0	0.0	0.0
193	protein1	803.0	15.8	1.7944444000000002
193	protein2	1072.8	22.2	1.6698887999999998
193	protein3	255.4	5.0	1.9085714
193	r2	15.8	0.0	0.0
193	rnapol	0.0	0.0	0.0
194	__protein1_rbs	10.4	0.0	0.0
194	__protein2_rbs	14.4	0.0	0.0
194	__protein3_rbs	3.2	0.0	0.0
194	__ribosome	25.8	0.0	0.0
194	__rnase_site_ext	19.4	0.0	0.0
194	p0	1.0	0.0	0.0
194	p1	0.4	0.0	0.0
194	protein1	809.2	15.4	1.7581838
194	protein2	1080.6	22.2	1.6915273999999998
194	protein3	257.2	5.2	1.9471428
194	r2	16.2	0.0	0.0
194	rnapol	0.4	0.0	0.0
195	__protein1_rbs	8.8	0.0	0.0
195	__protein2_rbs	13.4	0.0	0.0
195	__protein3_rbs	3.4	0.0	0.0
195	__ribosome	25.6	0.0	0.0
195	__rnase_site_ext	19.2	0.0	0.0
195	p0	1.0	0.0	0.0
195	p1	0.8	0.0	0.0
195	protein1	815.6	15.2	1.8097222
195	protein2	1088.6	21.8	1.7465426000000002
195	protein3	259.4	5.2	1.8514286
195	r2	16.4	0.0	0.0
195	rnapol	1.0	0.0	0.0
196	__protein1_rbs	9.2	0.0	0.0
196	__protein2_rbs	15.0	0.0	0.0
196	__protein3_rbs	3.8	0.0	0.0
196	__ribosome	26.2	0.0	0.0
196	__rnase_site_ext	19.8	0.0	0.0
196	p0	0.4	0.0	0.0
196	p1	0.8	0.0	0.0
196	protein1	821.6	14.8	1.9041666000000004
196	protein2	1096.8	22.2	1.6941343999999998
196	protein3	261.8	5.2	1.7042858
196	r2	16.6	0.0	0.0
196	rnapol	0.8	0.0	0.0
197	__protein1_rbs	7.6	0.0	0.0
197	__protein2_rbs	13.0	0.0	0.0
197	__protein3_rbs	4.0	0.0	0.0
197	__ribosome	26.6	0.0	0.0
197	__rnase_site_ext	19.6	0.0	0.0
197	p0	1.0	0.0	0.0
197	p1	0.4	0.0	0.0
197	protein1	829.0	14.8	1.8908334
197	protein2	1104.6	21.8	1.7753802
197	protein3	264.6	5.2	1.435
197	r2	16.4	0.0	0.0
197	rnapol	0.6	0.0	0.0
198	__protein1_rbs	10.2	0.0	0.0
198	__protein2_rbs	16.0	0.0	0.0
198	__protein3_rbs	1.4	0.0	0.0
198	__ribosome	27.6	0.0	0.0
198	__rnase_site_ext	20.0	0.0	0.0
198	p0	0.8	0.0	0.0
198	p1	0.6	0.0	0.0
198	protein1	835.0	15.4	1.7719698000000002
198	protein2	1114.2	21.8	1.6524676
198	protein3	266.4	5.4	1.7911112000000002
198	r2	16.2	0.0	0.0
198	rnapol	0.4	0.0	0.0
199	__protein1_rbs	9.2	0.0	0.0
199	__protein2_rbs	14.6	0.0	0.0
199	__protein3_rbs	3.4	0.0	0.0
199	__ribosome	25.2	0.0	0.0
199	__rnase_site_ext	20.2	0.0	0.0
199	p0	1.0	0.0	0.0
199	p1	0.8	0.0	0.0
199	protein1	840.4	15.4	1.8531906000000002
199	protein2	1121.8	21.8	1.6865453999999998
199	protein3	268.0	5.6	1.7988887999999998
199	r2	16.2	0.0	0.0
199	rnapol	0.6	0.0	0.0
200	__protein1_rbs	10.6	0.0	0.0
200	__protein2_rbs	14.0	0.0	0.0
200	__protein3_rbs	3.0	0.0	0.0
200	__ribosome	26.2	0.0	0.0
200	__rnase_site_ext	20.4	0.0	0.0
200	p0	1.0	0.0	0.0
200	p1	0.8	0.0	0.0
200	protein1	847.2	15.4	1.7702703999999998
200	protein2	1130.0	22.0	1.6765734
200	protein3	269.8	5.4	1.9955554
200	r2	16.4	0.0	0.0
200	rnapol	0.8	0.0	0.0
201	__protein1_rbs	9.6	0.0	0.0
201	__protein2_rbs	14.6	0.0	0.0
201	__protein3_rbs	3.6	0.0	0.0
201	__ribosome	25.8	0.0	0.0
201	__rnase_site_ext	20.0	0.0	0.0
201	p0	1.0	0.0	0.0
201	p1	1.0	0.0	0.0
201	protein1	852.6	15.4	1.8396241999999998
201	protein2	1139.6	22.4	1.6001106
201	protein3	271.4	5.4	1.9955556
201	r2	16.4	0.0	0.0
201	rnapol	0.6	0.0	0.0
202	__protein1_rbs	10.4	0.0	0.0
202	__protein2_rbs	12.6	0.0	0.0
202	__protein3_rbs	4.2	0.0	0.0
202	__ribosome	25.6	0.0	0.0
202	__rnase_site_ext	20.0	0.0	0.0
202	p0	1.0	0.0	0.0
202	p1	0.8	0.0	0.0
202	protein1	858.8	14.8	1.8252778
202	protein2	1147.0	22.2	1.7400537999999997
202	protein3	274.0	5.6	1.7166666000000002
202	r2	16.6	0.0	0.0
202	rnapol	1.2	0.0	0.0
203	__protein1_rbs	9.4	0.0	0.0
203	__protein2_rbs	14.4	0.0	0.0
203	__protein3_rbs	4.4	0.0	0.0
203	__ribosome	26.4	0.0	0.0
203	__rnase_site_ext	20.2	0.0	0.0
203	p0	0.2	0.0	0.0
203	p1	0.6	0.0	0.0
203	protein1	867.2	14.8	1.7088888
203	protein2	1154.0	22.0	1.7997878
203	protein3	276.2	5.8	1.6133332
203	r2	16.6	0.0	0.0
203	rnapol	1.0	0.0	0.0
204	__protein1_rbs	11.0	0.0	0.0
204	__protein2_rbs	12.8	0.0	0.0
204	__protein3_rbs	3.2	0.0	0.0
204	__ribosome	26.4	0.0	0.0
204	__rnase_site_ext	20.4	0.0	0.0
204	p0	0.8	0.0	0.0
204	p1	0.6	0.0	0.0
204	protein1	872.8	15.4	1.560547
204	protein2	1163.2	21.4	1.8765634
204	protein3	279.0	5.8	1.7044444
204	r2	16.6	0.0	0.0
204	rnapol	1.2	0.0	0.0
205	__protein1_rbs	9.2	0.0	0.0
205	__protein2_rbs	13.2	0.0	0.0
205	__protein3_rbs	4.2	0.0	0.0
205	__ribosome	23.0	0.0	0.0
205	__rnase_site_ext	20.6	0.0	0.0
205	p0	0.6	0.0	0.0
205	p1	1.0	0.0	0.0
205	protein1	877.6	15.6	1.6627778000000002
205	protein2	1170.4	21.8	1.9521112000000005
205	protein3	281.2	5.8	1.6266666
205	r2	16.4	0.0	0.0
205	rnapol	1.0	0.0	0.0
206	__protein1_rbs	10.6	0.0	0.0
206	__protein2_rbs	15.6	0.0	0.0
206	__protein3_rbs	4.2	0.0	0.0
206	__ribosome	27.0	0.0	0.0
206	__rnase_site_ext	21.0	0.0	0.0
206	p0	0.6	0.0	0.0
206	p1	1.0	0.0	0.0
206	protein1	883.8	15.8	1.634459
206	protein2	1180.0	21.6	1.8152078
206	protein3	283.4	5.6	1.7622223999999997
206	r2	16.0	0.0	0.0
206	rnapol	0.8	0.0	0.0
207	__protein1_rbs	10.2	0.0	0.0
207	__protein2_rbs	13.2	0.0	0.0
207	__protein3_rbs	3.6	0.0	0.0
207	__ribosome	26.4	0.0	0.0
207	__rnase_site_ext	21.4	0.0	0.0
207	p0	0.6	0.0	0.0
207	p1	1.0	0.0	0.0
207	protein1	890.4	16.2	1.5976578
207	protein2	1189.4	21.6	1.7853348000000002
207	protein3	284.8	5.6	1.8911112
207	r2	15.6	0.0	0.0
207	rnapol	0.6	0.0	0.0
208	__protein1_rbs	11.4	0.0	0.0
208	__protein2_rbs	13.0	0.0	0.0
208	__protein3_rbs	2.2	0.0	0.0
208	__ribosome	26.2	0.0	0.0
208	__rnase_site_ext	21.0	0.0	0.0
208	p0	0.6	0.0	0.0
208	p1	0.8	0.0	0.0
208	protein1	895.4	16.6	1.6131965999999998
208	protein2	1199.2	21.2	1.7848846000000005
208	protein3	287.8	5.6	1.7755554
208	r2	16.0	0.0	0.0
208	rnapol	0.4	0.0	0.0
209	__protein1_rbs	9.4	0.0	0.0
209	__protein2_rbs	14.4	0.0	0.0
209	__protein3_rbs	3.6	0.0	0.0
209	__ribosome	29.6	0.0	0.0
209	__rnase_site_ext	21.2	0.0	0.0
209	p0	0.8	0.0	0.0
209	p1	0.6	0.0	0.0
209	protein1	901.6	16.0	1.7507936000000002
209	protein2	1210.6	21.0	1.5820636
209	protein3	289.8	5.4	1.8177778000000002
209	r2	16.2	0.0	0.0
209	rnapol	0.4	0.0	0.0
210	__protein1_rbs	10.6	0.0	0.0
210	__protein2_rbs	14.0	0.0	0.0
210	__protein3_rbs	3.4	0.0	0.0
210	__ribosome	24.2	0.0	0.0
210	__rnase_site_ext	21.0	0.0	0.0
210	p0	1.0	0.0	0.0
210	p1	0.2	0.0	0.0
210	protein1	906.8	16.0	1.8095238
210	protein2	1215.4	21.0	1.7423450000000005
210	protein3	291.4	5.4	2.0422222000000003
210	r2	15.6	0.0	0.0
210	rnapol	0.8	0.0	0.0
211	__protein1_rbs	10.8	0.0	0.0
211	__protein2_rbs	14.6	0.0	0.0
211	__protein3_rbs	3.0	0.0	0.0
211	__ribosome	25.0	0.0	0.0
211	__rnase_site_ext	21.2	0.0	0.0
211	p0	1.0	0.0	0.0
211	p1	0.6	0.0	0.0
211	protein1	913.4	16.0	1.7800948
211	protein2	1223.6	21.2	1.6955536000000002
211	protein3	293.6	5.2	2.1622222
211	r2	15.0	0.0	0.0
211	rnapol	0.8	0.0	0.0
212	__protein1_rbs	8.6	0.0	0.0
212	__protein2_rbs	15.6	0.0	0.0
212	__protein3_rbs	3.2	0.0	0.0
212	__ribosome	24.6	0.0	0.0
212	__rnase_site_ext	21.2	0.0	0.0
212	p0	1.0	0.0	0.0
212	p1	0.4	0.0	0.0
212	protein1	919.0	16.2	1.9098704
212	protein2	1232.4	21.6	1.6200018
212	protein3	296.4	5.0	2.06
212	r2	14.6	0.0	0.0
212	rnapol	0.8	0.0	0.0
213	__protein1_rbs	10.8	0.0	0.0
213	__protein2_rbs	13.0	0.0	0.0
213	__protein3_rbs	2.8	0.0	0.0
213	__ribosome	26.8	0.0	0.0
213	__rnase_site_ext	21.4	0.0	0.0
213	p0	0.8	0.0	0.0
213	p1	0.2	0.0	0.0
213	protein1	926.2	16.2	1.7719446
213	protein2	1240.6	21.6	1.6672639999999999
213	protein3	299.8	5.0	1.9277778
213	r2	14.4	0.0	0.0
213	rnapol	0.4	0.0	0.0
214	__protein1_rbs	9.0	0.0	0.0
214	__protein2_rbs	12.8	0.0	0.0
214	__protein3_rbs	3.8	0.0	0.0
214	__ribosome	25.6	0.0	0.0
214	__rnase_site_ext	21.2	0.0	0.0
214	p0	1.0	0.0	0.0
214	p1	1.0	0.0	0.0
214	protein1	933.0	16.2	1.7934363999999998
214	protein2	1248.8	22.0	1.6873809999999998
214	protein3	302.0	5.0	1.8755556
214	r2	14.0	0.0	0.0
214	rnapol	0.6	0.0	0.0
215	__protein1_rbs	11.6	0.0	0.0
215	__protein2_rbs	14.6	0.0	0.0
215	__protein3_rbs	3.6	0.0	0.0
215	__ribosome	26.0	0.0	0.0
215	__rnase_site_ext	20.6	0.0	0.0
215	p0	0.8	0.0	0.0
215	p1	0.4	0.0	0.0
215	protein1	939.0	16.2	1.7971618000000003
215	protein2	1257.0	22.6	1.6298618
215	protein3	304.4	5.0	1.7233333999999998
215	r2	14.0	0.0	0.0
215	rnapol	0.6	0.0	0.0
216	__protein1_rbs	11.0	0.0	0.0
216	__protein2_rbs	13.4	0.0	0.0
216	__protein3_rbs	3.2	0.0	0.0
216	__ribosome	25.2	0.0	0.0
216	__rnase_site_ext	20.8	0.0	0.0
216	p0	1.0	0.0	0.0
216	p1	0.8	0.0	0.0
216	protein1	946.8	15.8	1.7628043999999998
216	protein2	1264.6	22.4	1.7776223999999998
216	protein3	306.4	4.8	1.8288887999999999
216	r2	14.0	0.0	0.0
216	rnapol	0.8	0.0	0.0
217	__protein1_rbs	9.8	0.0	0.0
217	__protein2_rbs	14.6	0.0	0.0
217	__protein3_rbs	3.2	0.0	0.0
217	__ribosome	22.4	0.0	0.0
217	__rnase_site_ext	20.6	0.0	0.0
217	p0	1.0	0.0	0.0
217	p1	0.6	0.0	0.0
217	protein1	952.0	15.8	1.8436956
217	protein2	1273.0	22.4	1.8276846000000002
217	protein3	308.4	4.8	1.8688888
217	r2	14.0	0.0	0.0
217	rnapol	1.0	0.0	0.0
218	__protein1_rbs	11.6	0.0	0.0
218	__protein2_rbs	15.0	0.0	0.0
218	__protein3_rbs	2.6	0.0	0.0
218	__ribosome	27.0	0.0	0.0
218	__rnase_site_ext	21.0	0.0	0.0
218	p0	0.8	0.0	0.0
218	p1	0.8	0.0	0.0
218	protein1	959.4	15.8	1.6645752000000005
218	protein2	1282.6	22.4	1.789995
218	protein3	310.8	4.2	1.9261906000000002
218	r2	14.4	0.0	0.0
218	rnapol	0.6	0.0	0.0
219	__protein1_rbs	10.8	0.0	0.0
219	__protein2_rbs	14.2	0.0	0.0
219	__protein3_rbs	3.0	0.0	0.0
219	__ribosome	26.2	0.0	0.0
219	__rnase_site_ext	21.2	0.0	0.0
219	p0	1.0	0.0	0.0
219	p1	0.6	0.0	0.0
219	protein1	965.2	16.0	1.6299316
219	protein2	1291.2	22.6	1.8142262
219	protein3	312.8	4.6	1.5833334
219	r2	14.4	0.0	0.0
219	rnapol	0.8	0.0	0.0
220	__protein1_rbs	10.4	0.0	0.0
220	__protein2_rbs	13.6	0.0	0.0
220	__protein3_rbs	2.8	0.0	0.0
220	__ribosome	25.8	0.0	0.0
220	__rnase_site_ext	21.4	0.0	0.0
220	p0	1.0	0.0	0.0
220	p1	0.8	0.0	0.0
220	protein1	972.8	16.4	1.5138888
220	protein2	1301.0	22.4	1.8623880000000002
220	protein3	314.0	4.8	1.8166666
220	r2	14.6	0.0	0.0
220	rnapol	0.6	0.0	0.0
221	__protein1_rbs	11.4	0.0	0.0
221	__protein2_rbs	14.2	0.0	0.0
221	__protein3_rbs	3.4	0.0	0.0
221	__ribosome	26.6	0.0	0.0
221	__rnase_site_ext	21.2	0.0	0.0
221	p0	1.0	0.0	0.0
221	p1	0.6	0.0	0.0
221	protein1	978.2	16.6	1.5292397999999998
221	protein2	1311.0	22.4	1.8144656
221	protein3	316.6	4.8	1.6
221	r2	14.8	0.0	0.0
221	rnapol	0.4	0.0	0.0
222	__protein1_rbs	10.4	0.0	0.0
222	__protein2_rbs	14.6	0.0	0.0
222	__protein3_rbs	3.2	0.0	0.0
222	__ribosome	24.4	0.0	0.0
222	__rnase_site_ext	21.4	0.0	0.0
222	p0	0.8	0.0	0.0
222	p1	0.8	0.0	0.0
222	protein1	983.4	16.6	1.6570174000000002
222	protein2	1319.4	22.6	1.7944483999999998
222	protein3	318.2	4.8	1.6428572
222	r2	14.8	0.0	0.0
222	rnapol	0.4	0.0	0.0
223	__protein1_rbs	10.6	0.0	0.0
223	__protein2_rbs	14.2	0.0	0.0
223	__protein3_rbs	3.8	0.0	0.0
223	__ribosome	26.6	0.0	0.0
223	__rnase_site_ext	20.8	0.0	0.0
223	p0	0.8	0.0	0.0
223	p1	1.0	0.0	0.0
223	protein1	989.8	16.2	1.7044444
223	protein2	1330.0	22.0	1.7659447999999998
223	protein3	319.8	4.8	1.6942858
223	r2	15.0	0.0	0.0
223	rnapol	0.8	0.0	0.0
224	__protein1_rbs	9.2	0.0	0.0
224	__protein2_rbs	13.6	0.0	0.0
224	__protein3_rbs	3.4	0.0	0.0
224	__ribosome	25.0	0.0	0.0
224	__rnase_site_ext	21.2	0.0	0.0
224	p0	0.8	0.0	0.0
224	p1	0.8	0.0	0.0
224	protein1	996.0	16.0	1.8714288000000001
224	protein2	1339.4	21.6	1.7543016000000002
224	protein3	321.0	5.0	2.2257142000000005
224	r2	15.2	0.0	0.0
224	rnapol	0.8	0.0	0.0
225	__protein1_rbs	12.6	0.0	0.0
225	__protein2_rbs	14.0	0.0	0.0
225	__protein3_rbs	3.8	0.0	0.0
225	__ribosome	26.0	0.0	0.0
225	__rnase_site_ext	21.6	0.0	0.0
225	p0	0.6	0.0	0.0
225	p1	0.6	0.0	0.0
225	protein1	1001.4	16.4	1.8257896
225	protein2	1348.8	21.6	1.7739682
225	protein3	324.2	5.0	2.1390476
225	r2	15.0	0.0	0.0
225	rnapol	0.8	0.0	0.0
226	__protein1_rbs	11.2	0.0	0.0
226	__protein2_rbs	14.6	0.0	0.0
226	__protein3_rbs	2.6	0.0	0.0
226	__ribosome	26.0	0.0	0.0
226	__rnase_site_ext	21.2	0.0	0.0
226	p0	1.0	0.0	0.0
226	p1	0.8	0.0	0.0
226	protein1	1007.0	16.6	1.8390642
226	protein2	1357.8	21.8	1.684899
226	protein3	325.6	5.0	2.0961906000000003
226	r2	15.4	0.0	0.0
226	rnapol	1.6	0.0	0.0
227	__protein1_rbs	10.8	0.0	0.0
227	__protein2_rbs	14.2	0.0	0.0
227	__protein3_rbs	3.0	0.0	0.0
227	__ribosome	27.6	0.0	0.0
227	__rnase_site_ext	21.8	0.0	0.0
227	p0	0.8	0.0	0.0
227	p1	1.0	0.0	0.0
227	protein1	1015.2	16.4	1.7266644
227	protein2	1367.2	22.0	1.6278914
227	protein3	327.0	4.8	2.3123807999999997
227	r2	15.4	0.0	0.0
227	rnapol	1.0	0.0	0.0
228	__protein1_rbs	11.4	0.0	0.0
228	__protein2_rbs	13.6	0.0	0.0
228	__protein3_rbs	2.8	0.0	0.0
228	__ribosome	26.8	0.0	0.0
228	__rnase_site_ext	21.6	0.0	0.0
228	p0	0.8	0.0	0.0
228	p1	0.8	0.0	0.0
228	protein1	1023.0	17.0	1.6047620000000002
228	protein2	1374.4	22.0	1.7552252000000004
228	protein3	329.2	4.8	2.0657142
228	r2	15.4	0.0	0.0
228	rnapol	1.0	0.0	0.0
229	__protein1_rbs	11.6	0.0	0.0
229	__protein2_rbs	14.2	0.0	0.0
229	__protein3_rbs	2.8	0.0	0.0
229	__ribosome	26.0	0.0	0.0
229	__rnase_site_ext	21.4	0.0	0.0
229	p0	0.8	0.0	0.0
229	p1	0.8	0.0	0.0
229	protein1	1030.0	16.4	1.6253574
229	protein2	1383.8	22.0	1.7908696
229	protein3	330.4	4.8	2.2495238
229	r2	15.2	0.0	0.0
229	rnapol	0.8	0.0	0.0
230	__protein1_rbs	11.4	0.0	0.0
230	__protein2_rbs	13.4	0.0	0.0
230	__protein3_rbs	2.8	0.0	0.0
230	__ribosome	22.6	0.0	0.0
230	__rnase_site_ext	21.6	0.0	0.0
230	p0	1.0	0.0	0.0
230	p1	0.8	0.0	0.0
230	protein1	1035.6	16.6	1.6701216000000003
230	protein2	1391.8	22.2	1.8655208
230	protein3	332.4	4.8	2.2990476
230	r2	14.8	0.0	0.0
230	rnapol	1.2	0.0	0.0
231	__protein1_rbs	9.4	0.0	0.0
231	__protein2_rbs	15.2	0.0	0.0
231	__protein3_rbs	3.0	0.0	0.0
231	__ribosome	23.4	0.0	0.0
231	__rnase_site_ext	21.2	0.0	0.0
231	p0	0.8	0.0	0.0
231	p1	0.6	0.0	0.0
231	protein1	1042.2	16.6	1.7813584000000002
231	protein2	1400.8	21.8	1.8112862
231	protein3	334.8	4.6	2.0742858
231	r2	14.6	0.0	0.0
231	rnapol	1.0	0.0	0.0
232	__protein1_rbs	10.2	0.0	0.0
232	__protein2_rbs	12.8	0.0	0.0
232	__protein3_rbs	2.8	0.0	0.0
232	__ribosome	24.0	0.0	0.0
232	__rnase_site_ext	21.6	0.0	0.0
232	p0	1.0	0.0	0.0
232	p1	0.0	0.0	0.0
232	protein1	1047.8	16.6	1.8334684
232	protein2	1410.8	21.8	1.7769393999999998
232	protein3	337.2	4.6	1.9790476000000001
232	r2	14.8	0.0	0.0
232	rnapol	1.0	0.0	0.0
233	__protein1_rbs	10.8	0.0	0.0
233	__protein2_rbs	16.2	0.0	0.0
233	__protein3_rbs	2.4	0.0	0.0
233	__ribosome	27.2	0.0	0.0
233	__rnase_site_ext	21.8	0.0	0.0
233	p0	1.0	0.0	0.0
233	p1	0.2	0.0	0.0
233	protein1	1056.2	16.8	1.6568587999999995
233	protein2	1419.6	22.2	1.6981081999999998
233	protein3	339.2	4.6	1.9723808
233	r2	14.8	0.0	0.0
233	rnapol	0.6	0.0	0.0
234	__protein1_rbs	9.4	0.0	0.0
234	__protein2_rbs	15.4	0.0	0.0
234	__protein3_rbs	2.4	0.0	0.0
234	__ribosome	26.6	0.0	0.0
234	__rnase_site_ext	21.6	0.0	0.0
234	p0	0.8	0.0	0.0
234	p1	0.8	0.0	0.0
234	protein1	1062.2	16.8	1.7767856000000002
234	protein2	1431.0	22.6	1.5501660000000002
234	protein3	340.6	4.8	2.1528572
234	r2	15.0	0.0	0.0
234	rnapol	0.2	0.0	0.0
235	__protein1_rbs	10.2	0.0	0.0
235	__protein2_rbs	16.6	0.0	0.0
235	__protein3_rbs	3.4	0.0	0.0
235	__ribosome	25.8	0.0	0.0
235	__rnase_site_ext	21.6	0.0	0.0
235	p0	1.0	0.0	0.0
235	p1	0.8	0.0	0.0
235	protein1	1069.0	16.8	1.7423901999999998
235	protein2	1437.2	23.2	1.5785876
235	protein3	342.6	5.0	1.8857142
235	r2	14.8	0.0	0.0
235	rnapol	0.2	0.0	0.0
236	__protein1_rbs	12.4	0.0	0.0
236	__protein2_rbs	16.6	0.0	0.0
236	__protein3_rbs	2.8	0.0	0.0
236	__ribosome	29.6	0.0	0.0
236	__rnase_site_ext	21.6	0.0	0.0
236	p0	1.0	0.0	0.0
236	p1	0.8	0.0	0.0
236	protein1	1077.0	16.6	1.5915032
236	protein2	1446.8	23.2	1.5278776
236	protein3	344.4	4.6	2.1833334
236	r2	14.8	0.0	0.0
236	rnapol	0.2	0.0	0.0
237	__protein1_rbs	10.2	0.0	0.0
237	__protein2_rbs	14.4	0.0	0.0
237	__protein3_rbs	2.4	0.0	0.0
237	__ribosome	27.0	0.0	0.0
237	__rnase_site_ext	21.2	0.0	0.0
237	p0	1.0	0.0	0.0
237	p1	0.8	0.0	0.0
237	protein1	1082.8	16.4	1.6862746000000002
237	protein2	1455.2	22.8	1.616475
237	protein3	346.8	4.6	2.388889
237	r2	15.0	0.0	0.0
237	rnapol	0.6	0.0	0.0
238	__protein1_rbs	11.2	0.0	0.0
238	__protein2_rbs	13.0	0.0	0.0
238	__protein3_rbs	2.6	0.0	0.0
238	__ribosome	25.2	0.0	0.0
238	__rnase_site_ext	21.2	0.0	0.0
238	p0	1.0	0.0	0.0
238	p1	0.6	0.0	0.0
238	protein1	1089.8	16.2	1.6565358000000001
238	protein2	1463.6	22.6	1.7535898
238	protein3	348.8	4.6	2.2666666
238	r2	15.4	0.0	0.0
238	rnapol	1.0	0.0	0.0
239	__protein1_rbs	10.0	0.0	0.0
239	__protein2_rbs	16.0	0.0	0.0
239	__protein3_rbs	2.6	0.0	0.0
239	__ribosome	25.6	0.0	0.0
239	__rnase_site_ext	21.8	0.0	0.0
239	p0	1.0	0.0	0.0
239	p1	0.4	0.0	0.0
239	protein1	1096.8	16.2	1.6549018
239	protein2	1472.2	23.0	1.6757286
239	protein3	351.2	4.6	2.3333334
239	r2	15.2	0.0	0.0
239	rnapol	0.8	0.0	0.0
240	__protein1_rbs	10.8	0.0	0.0
240	__protein2_rbs	15.0	0.0	0.0
240	__protein3_rbs	3.4	0.0	0.0
240	__ribosome	23.8	0.0	0.0
240	__rnase_site_ext	22.0	0.0	0.0
240	p0	0.8	0.0	0.0
240	p1	0.6	0.0	0.0
240	protein1	1102.4	16.2	1.7117648000000003
240	protein2	1480.0	23.2	1.7149872
240	protein3	353.4	4.8	2.168254
240	r2	15.0	0.0	0.0
240	rnapol	0.4	0.0	0.0
241	__protein1_rbs	12.2	0.0	0.0
241	__protein2_rbs	15.4	0.0	0.0
241	__protein3_rbs	3.0	0.0	0.0
241	__ribosome	24.6	0.0	0.0
241	__rnase_site_ext	22.2	0.0	0.0
241	p0	0.8	0.0	0.0
241	p1	1.0	0.0	0.0
241	protein1	1108.6	16.4	1.6297384
241	protein2	1488.4	23.4	1.7088922
241	protein3	355.6	5.0	2.136111
241	r2	14.8	0.0	0.0
241	rnapol	0.8	0.0	0.0
242	__protein1_rbs	10.6	0.0	0.0
242	__protein2_rbs	15.0	0.0	0.0
242	__protein3_rbs	3.4	0.0	0.0
242	__ribosome	26.4	0.0	0.0
242	__rnase_site_ext	22.0	0.0	0.0
242	p0	1.0	0.0	0.0
242	p1	1.0	0.0	0.0
242	protein1	1115.0	16.6	1.655246
242	protein2	1500.6	23.6	1.6137883999999998
242	protein3	357.8	5.2	1.9194444
242	r2	15.0	0.0	0.0
242	rnapol	0.6	0.0	0.0
243	__protein1_rbs	9.2	0.0	0.0
243	__protein2_rbs	15.0	0.0	0.0
243	__protein3_rbs	3.4	0.0	0.0
243	__ribosome	24.6	0.0	0.0
243	__rnase_site_ext	22.2	0.0	0.0
243	p0	1.0	0.0	0.0
243	p1	1.0	0.0	0.0
243	protein1	1122.6	16.4	1.7197318
243	protein2	1509.0	23.2	1.6971622
243	protein3	360.0	5.2	1.8166666
243	r2	15.2	0.0	0.0
243	rnapol	0.6	0.0	0.0
244	__protein1_rbs	10.2	0.0	0.0
244	__protein2_rbs	16.0	0.0	0.0
244	__protein3_rbs	3.4	0.0	0.0
244	__ribosome	24.0	0.0	0.0
244	__rnase_site_ext	22.4	0.0	0.0
244	p0	1.0	0.0	0.0
244	p1	0.6	0.0	0.0
244	protein1	1128.0	16.6	1.7664912000000002
244	protein2	1517.4	23.0	1.7103341999999997
244	protein3	362.6	5.0	1.7583334000000002
244	r2	15.6	0.0	0.0
244	rnapol	0.8	0.0	0.0
245	__protein1_rbs	12.4	0.0	0.0
245	__protein2_rbs	14.6	0.0	0.0
245	__protein3_rbs	2.4	0.0	0.0
245	__ribosome	23.2	0.0	0.0
245	__rnase_site_ext	22.6	0.0	0.0
245	p0	1.0	0.0	0.0
245	p1	0.6	0.0	0.0
245	protein1	1133.0	16.8	1.770687
245	protein2	1526.2	22.8	1.7069496000000002
245	protein3	364.6	5.0	1.8130952
245	r2	15.4	0.0	0.0
245	rnapol	0.8	0.0	0.0
246	__protein1_rbs	11.2	0.0	0.0
246	__protein2_rbs	15.4	0.0	0.0
246	__protein3_rbs	3.2	0.0	0.0
246	__ribosome	25.4	0.0	0.0
246	__rnase_site_ext	22.8	0.0	0.0
246	p0	1.0	0.0	0.0
246	p1	0.8	0.0	0.0
246	protein1	1140.6	16.8	1.7257342000000002
246	protein2	1536.0	23.4	1.6077013999999998
246	protein3	366.2	5.0	1.7678572
246	r2	15.4	0.0	0.0
246	rnapol	1.0	0.0	0.0
247	__protein1_rbs	9.4	0.0	0.0
247	__protein2_rbs	14.0	0.0	0.0
247	__protein3_rbs	2.8	0.0	0.0
247	__ribosome	24.4	0.0	0.0
247	__rnase_site_ext	22.8	0.0	0.0
247	p0	0.8	0.0	0.0
247	p1	0.8	0.0	0.0
247	protein1	1148.6	17.0	1.7550801999999999
247	protein2	1545.0	23.4	1.6472058
247	protein3	369.2	5.0	1.7428572
247	r2	15.4	0.0	0.0
247	rnapol	1.0	0.0	0.0
248	__protein1_rbs	10.4	0.0	0.0
248	__protein2_rbs	15.2	0.0	0.0
248	__protein3_rbs	3.6	0.0	0.0
248	__ribosome	26.2	0.0	0.0
248	__rnase_site_ext	23.0	0.0	0.0
248	p0	0.6	0.0	0.0
248	p1	0.4	0.0	0.0
248	protein1	1156.4	17.0	1.7390514
248	protein2	1555.0	23.2	1.6125126
248	protein3	371.2	5.4	1.6698414000000001
248	r2	15.2	0.0	0.0
248	rnapol	0.6	0.0	0.0
249	__protein1_rbs	11.8	0.0	0.0
249	__protein2_rbs	14.6	0.0	0.0
249	__protein3_rbs	3.8	0.0	0.0
249	__ribosome	25.0	0.0	0.0
249	__rnase_site_ext	23.4	0.0	0.0
249	p0	1.0	0.0	0.0
249	p1	0.8	0.0	0.0
249	protein1	1163.0	17.2	1.6758406
249	protein2	1563.2	23.4	1.662341
249	protein3	373.2	5.4	1.6460316000000002
249	r2	15.2	0.0	0.0
249	rnapol	0.6	0.0	0.0
250	__protein1_rbs	12.0	0.0	0.0
250	__protein2_rbs	15.0	0.0	0.0
250	__protein3_rbs	3.8	0.0	0.0
250	__ribosome	21.4	0.0	0.0
250	__rnase_site_ext	23.6	0.0	0.0
250	p0	1.0	0.0	0.0
250	p1	0.6	0.0	0.0
250	protein1	1168.6	17.6	1.6622221999999998
250	protein2	1571.4	23.4	1.780943
250	protein3	375.0	5.4	1.7174601999999999
250	r2	15.2	0.0	0.0
250	rnapol	0.8	0.0	0.0
