time	species	protein	transcript	ribo_density
0	__protein1_rbs	0.0	0.0	0.0
0	__protein2_rbs	0.0	0.0	0.0
0	__protein3_rbs	0.0	0.0	0.0
0	__ribosome	100.0	0.0	0.0
0	__rnase_site_ext	0.0	0.0	0.0
0	p0	1.0	0.0	0.0
0	p2	1.0	0.0	0.0
0	rnapol	4.0	0.0	0.0
1	__protein1_rbs	0.0	0.0	0.0
1	__protein2_rbs	0.0	0.0	0.0
1	__protein3_rbs	0.0	0.0	0.0
1	__ribosome	95.0	0.0	0.0
1	__rnase_site_ext	0.85	0.0	0.0
1	p0	0.15	0.0	0.0
1	p2	0.9	0.0	0.0
1	rnapol	2.75	0.0	0.0
2	__protein1_rbs	0.2	0.0	0.0
2	__protein2_rbs	0.0	0.0	0.0
2	__protein3_rbs	0.0	0.0	0.0
2	__ribosome	104.7	0.0	0.0
2	__rnase_site_ext	1.55	0.0	0.0
2	p0	0.4	0.0	0.0
2	p2	1.05	0.0	0.0
2	protein1	0.0	0.5	0.3
2	rnapol	2.45	0.0	0.0
3	__protein1_rbs	0.45	0.0	0.0
3	__protein2_rbs	0.0	0.0	0.0
3	__protein3_rbs	0.0	0.0	0.0
3	__ribosome	99.1	0.0	0.0
3	__rnase_site_ext	2.2	0.0	0.0
3	p0	0.35	0.0	0.0
3	p2	1.0	0.0	0.0
3	protein1	0.0	1.05	inf
3	rnapol	1.65	0.0	0.0
4	__protein1_rbs	0.55	0.0	0.0
4	__protein2_rbs	0.0	0.0	0.0
4	__protein3_rbs	0.0	0.0	0.0
4	__ribosome	98.15	0.0	0.0
4	__rnase_site_ext	2.8	0.0	0.0
4	p0	0.65	0.0	0.0
4	p2	0.95	0.0	0.0
4	protein1	0.0	1.65	1.1
4	rnapol	1.2	0.0	0.0
5	__protein1_rbs	0.9	0.0	0.0
5	__protein2_rbs	0.0	0.0	0.0
5	__protein3_rbs	0.0	0.0	0.0
5	__ribosome	96.65	0.0	0.0
5	__rnase_site_ext	3.4	0.0	0.0
5	p0	0.55	0.0	0.0
5	p2	1.0	0.0	0.0
5	protein1	0.0	2.45	1.35833335
5	protein3	0.0	0.05	0.05
5	rnapol	0.65	0.0	0.0
6	__protein1_rbs	0.8	0.0	0.0
6	__protein2_rbs	0.0	0.0	0.0
6	__protein3_rbs	0.05	0.0	0.0
6	__ribosome	94.65	0.0	0.0
6	__rnase_site_ext	3.55	0.0	0.0
6	p0	0.95	0.0	0.0
6	p2	1.0	0.0	0.0
6	protein1	0.0	2.85	1.8958334
6	protein3	0.0	0.05	0.05
6	rnapol	0.5	0.0	0.0
7	__protein1_rbs	0.95	0.0	0.0
7	__protein2_rbs	0.0	0.0	0.0
7	__protein3_rbs	0.0	0.0	0.0
7	__ribosome	92.65	0.0	0.0
7	__rnase_site_ext	3.7	0.0	0.0
7	p0	0.8	0.0	0.0
7	p2	1.0	0.0	0.0
7	protein1	0.25	3.3	2.2124999000000005
7	protein3	0.0	0.05	0.1
7	rnapol	0.3	0.0	0.0
8	__protein1_rbs	1.15	0.0	0.0
8	__protein2_rbs	0.0	0.0	0.0
8	__protein3_rbs	0.05	0.0	0.0
8	__ribosome	91.4	0.0	0.0
8	__rnase_site_ext	3.8	0.0	0.0
8	p0	0.85	0.0	0.0
8	p2	1.0	0.0	0.0
8	protein1	0.9	3.2	2.68333335
8	protein3	0.0	0.05	0.1
8	rnapol	0.1	0.0	0.0
9	__protein1_rbs	1.1	0.0	0.0
9	__protein2_rbs	0.05	0.0	0.0
9	__protein3_rbs	0.0	0.0	0.0
9	__ribosome	90.0	0.0	0.0
9	__rnase_site_ext	3.85	0.0	0.0
9	p0	1.0	0.0	0.0
9	p2	1.0	0.0	0.0
9	protein1	1.8	3.5	2.8708333500000003
9	protein2	0.0	0.1	0.05
9	protein3	0.0	0.05	0.15
9	rnapol	0.1	0.0	0.0
10	__protein1_rbs	1.2	0.0	0.0
10	__protein2_rbs	0.35	0.0	0.0
10	__protein3_rbs	0.0	0.0	0.0
10	__ribosome	88.65	0.0	0.0
10	__rnase_site_ext	3.9	0.0	0.0
10	p0	0.95	0.0	0.0
10	p2	1.0	0.0	0.0
10	protein1	3.0	3.55	3.1833332999999997
10	protein2	0.0	0.6	0.3
10	protein3	0.05	0.05	0.15
10	rnapol	0.05	0.0	0.0
11	__protein1_rbs	1.4	0.0	0.0
11	__protein2_rbs	0.65	0.0	0.0
11	__protein3_rbs	0.0	0.0	0.0
11	__ribosome	87.55	0.0	0.0
11	__rnase_site_ext	3.9	0.0	0.0
11	p0	1.0	0.0	0.0
11	p2	1.0	0.0	0.0
11	protein1	4.65	3.6	3.1750000000000003
11	protein2	0.0	1.35	0.825
11	protein3	0.05	0.05	0.2
11	rnapol	0.1	0.0	0.0
12	__protein1_rbs	1.25	0.0	0.0
12	__protein2_rbs	0.85	0.0	0.0
12	__protein3_rbs	0.05	0.0	0.0
12	__ribosome	86.65	0.0	0.0
12	__rnase_site_ext	3.95	0.0	0.0
12	p0	0.95	0.0	0.0
12	p2	1.0	0.0	0.0
12	protein1	6.95	3.6	3.10833335
12	protein2	0.0	2.05	1.025
12	protein3	0.05	0.05	0.2
12	rnapol	0.05	0.0	0.0
13	__protein1_rbs	1.3	0.0	0.0
13	__protein2_rbs	1.0	0.0	0.0
13	__protein3_rbs	0.0	0.0	0.0
13	__ribosome	85.1	0.0	0.0
13	__rnase_site_ext	3.9	0.0	0.0
13	p0	1.0	0.0	0.0
13	p2	1.0	0.0	0.0
13	protein1	9.0	3.6	3.10833335
13	protein2	0.0	2.65	1.3833334000000002
13	protein3	0.1	0.05	0.2
13	rnapol	0.05	0.0	0.0
14	__protein1_rbs	1.05	0.0	0.0
14	__protein2_rbs	1.15	0.0	0.0
14	__protein3_rbs	0.0	0.0	0.0
14	__ribosome	82.9	0.0	0.0
14	__rnase_site_ext	3.95	0.0	0.0
14	p0	0.95	0.0	0.0
14	p2	0.75	0.0	0.0
14	protein1	11.3	3.65	3.11666665
14	protein2	0.1	3.15	1.77083345
14	protein3	0.15	0.05	0.2
14	rnapol	0.0	0.0	0.0
15	__protein1_rbs	1.1	0.0	0.0
15	__protein2_rbs	1.2	0.0	0.0
15	__protein3_rbs	0.0	0.0	0.0
15	__ribosome	80.75	0.0	0.0
15	__rnase_site_ext	3.9	0.0	0.0
15	p0	1.0	0.0	0.0
15	p2	0.5	0.0	0.0
15	protein1	13.5	3.6	3.2083333000000005
15	protein2	0.35	3.45	2.22500005
15	protein3	0.2	0.05	0.2
15	rnapol	0.1	0.0	0.0
16	__protein1_rbs	1.3	0.0	0.0
16	__protein2_rbs	1.4	0.0	0.0
16	__protein3_rbs	0.0	0.0	0.0
16	__ribosome	79.2	0.0	0.0
16	__rnase_site_ext	4.1	0.0	0.0
16	p0	0.8	0.0	0.0
16	p2	0.3	0.0	0.0
16	protein1	15.5	3.6	3.26249995
16	protein2	1.0	3.65	2.50416665
16	protein3	0.25	0.05	0.15
16	rnapol	0.25	0.0	0.0
17	__protein1_rbs	1.2	0.0	0.0
17	__protein2_rbs	1.45	0.0	0.0
17	__protein3_rbs	0.0	0.0	0.0
17	__ribosome	77.7	0.0	0.0
17	__rnase_site_ext	4.35	0.0	0.0
17	p0	0.7	0.0	0.0
17	p2	0.3	0.0	0.0
17	protein1	17.6	3.75	3.1675
17	protein2	2.15	3.7	2.82916665
17	protein3	0.25	0.05	0.2
17	rnapol	0.25	0.0	0.0
18	__protein1_rbs	1.75	0.0	0.0
18	__protein2_rbs	1.2	0.0	0.0
18	__protein3_rbs	0.0	0.0	0.0
18	__ribosome	76.75	0.0	0.0
18	__rnase_site_ext	4.6	0.0	0.0
18	p0	0.75	0.0	0.0
18	p2	0.2	0.0	0.0
18	protein1	19.65	4.0	3.0649999500000003
18	protein2	3.75	3.75	2.9541667
18	protein3	0.3	0.05	0.2
18	rnapol	0.45	0.0	0.0
19	__protein1_rbs	1.45	0.0	0.0
19	__protein2_rbs	1.75	0.0	0.0
19	__protein3_rbs	0.1	0.0	0.0
19	__ribosome	76.0	0.0	0.0
19	__rnase_site_ext	4.9	0.0	0.0
19	p0	0.5	0.0	0.0
19	p2	0.4	0.0	0.0
19	protein1	22.15	4.25	2.95583335
19	protein2	5.4	3.8	3.0375
19	protein3	0.35	0.15	0.1
19	rnapol	0.65	0.0	0.0
20	__protein1_rbs	1.6	0.0	0.0
20	__protein2_rbs	1.4	0.0	0.0
20	__protein3_rbs	0.1	0.0	0.0
20	__ribosome	75.2	0.0	0.0
20	__rnase_site_ext	5.5	0.0	0.0
20	p0	0.6	0.0	0.0
20	p2	0.65	0.0	0.0
20	protein1	24.25	4.6	2.8175
20	protein2	7.6	3.8	3.0791666500000003
20	protein3	0.35	0.25	0.275
20	rnapol	0.8	0.0	0.0
21	__protein1_rbs	2.0	0.0	0.0
21	__protein2_rbs	1.4	0.0	0.0
21	__protein3_rbs	0.2	0.0	0.0
21	__ribosome	73.95	0.0	0.0
21	__rnase_site_ext	5.85	0.0	0.0
21	p0	0.6	0.0	0.0
21	p2	0.6	0.0	0.0
21	protein1	26.35	5.05	2.7416667
21	protein2	9.75	3.85	3.0416666999999995
21	protein3	0.4	0.35	0.4
21	rnapol	0.65	0.0	0.0
22	__protein1_rbs	2.1	0.0	0.0
22	__protein2_rbs	1.7	0.0	0.0
22	__protein3_rbs	0.15	0.0	0.0
22	__ribosome	73.55	0.0	0.0
22	__rnase_site_ext	6.35	0.0	0.0
22	p0	0.65	0.0	0.0
22	p2	0.8	0.0	0.0
22	protein1	29.05	5.4	2.6317858
22	protein2	12.0	3.8	3.02916665
22	protein3	0.45	0.45	0.6
22	rnapol	0.45	0.0	0.0
23	__protein1_rbs	2.05	0.0	0.0
23	__protein2_rbs	1.7	0.0	0.0
23	__protein3_rbs	0.15	0.0	0.0
23	__ribosome	72.4	0.0	0.0
23	__rnase_site_ext	6.35	0.0	0.0
23	p0	0.95	0.0	0.0
23	p2	0.95	0.0	0.0
23	protein1	31.6	5.85	2.6334524000000004
23	protein2	14.4	3.75	3.08333335
23	protein3	0.5	0.45	0.75
23	rnapol	0.5	0.0	0.0
24	__protein1_rbs	2.05	0.0	0.0
24	__protein2_rbs	1.1	0.0	0.0
24	__protein3_rbs	0.15	0.0	0.0
24	__ribosome	70.25	0.0	0.0
24	__rnase_site_ext	6.6	0.0	0.0
24	p0	0.8	0.0	0.0
24	p2	0.95	0.0	0.0
24	protein1	33.8	6.05	2.75071435
24	protein2	16.4	3.8	3.2008332999999998
24	protein3	0.6	0.5	0.95
24	rnapol	0.25	0.0	0.0
25	__protein1_rbs	2.7	0.0	0.0
25	__protein2_rbs	1.55	0.0	0.0
25	__protein3_rbs	0.2	0.0	0.0
25	__ribosome	69.7	0.0	0.0
25	__rnase_site_ext	6.7	0.0	0.0
25	p0	0.9	0.0	0.0
25	p2	0.95	0.0	0.0
25	protein1	36.85	6.3	2.71309535
25	protein2	18.65	4.0	2.98916665
25	protein3	0.75	0.6	1.025
25	rnapol	0.25	0.0	0.0
26	__protein1_rbs	2.8	0.0	0.0
26	__protein2_rbs	1.75	0.0	0.0
26	__protein3_rbs	0.35	0.0	0.0
26	__ribosome	68.6	0.0	0.0
26	__rnase_site_ext	7.0	0.0	0.0
26	p0	0.8	0.0	0.0
26	p2	0.95	0.0	0.0
26	protein1	39.4	6.4	2.8417858
26	protein2	21.1	4.2	2.8391667000000003
26	protein3	1.0	0.65	1.05
26	rnapol	0.15	0.0	0.0
27	__protein1_rbs	2.4	0.0	0.0
27	__protein2_rbs	1.8	0.0	0.0
27	__protein3_rbs	0.3	0.0	0.0
27	__ribosome	67.0	0.0	0.0
27	__rnase_site_ext	6.95	0.0	0.0
27	p0	0.9	0.0	0.0
27	p2	1.0	0.0	0.0
27	protein1	42.8	6.6	2.8620239
27	protein2	23.1	4.5	2.78750005
27	protein3	1.15	0.65	1.225
27	rnapol	0.2	0.0	0.0
28	__protein1_rbs	2.7	0.0	0.0
28	__protein2_rbs	1.85	0.0	0.0
28	__protein3_rbs	0.35	0.0	0.0
28	__ribosome	66.35	0.0	0.0
28	__rnase_site_ext	7.0	0.0	0.0
28	p0	0.8	0.0	0.0
28	p2	0.95	0.0	0.0
28	protein1	46.15	6.55	2.94940475
28	protein2	25.65	4.95	2.59321435
28	protein3	1.5	0.65	1.2
28	rnapol	0.15	0.0	0.0
29	__protein1_rbs	2.75	0.0	0.0
29	__protein2_rbs	2.3	0.0	0.0
29	__protein3_rbs	0.35	0.0	0.0
29	__ribosome	65.1	0.0	0.0
29	__rnase_site_ext	7.0	0.0	0.0
29	p0	0.95	0.0	0.0
29	p2	0.95	0.0	0.0
29	protein1	49.65	6.5	2.9860119500000004
29	protein2	27.55	5.45	2.56154755
29	protein3	1.85	0.7	1.225
29	rnapol	0.1	0.0	0.0
30	__protein1_rbs	2.45	0.0	0.0
30	__protein2_rbs	1.95	0.0	0.0
30	__protein3_rbs	0.2	0.0	0.0
30	__ribosome	63.4	0.0	0.0
30	__rnase_site_ext	6.85	0.0	0.0
30	p0	0.95	0.0	0.0
30	p2	0.65	0.0	0.0
30	protein1	53.3	6.65	2.95553575
30	protein2	30.15	5.8	2.5880952
30	protein3	2.0	0.7	1.45
30	rnapol	0.05	0.0	0.0
31	__protein1_rbs	2.8	0.0	0.0
31	__protein2_rbs	2.55	0.0	0.0
31	__protein3_rbs	0.25	0.0	0.0
31	__ribosome	62.9	0.0	0.0
31	__rnase_site_ext	7.05	0.0	0.0
31	p0	0.8	0.0	0.0
31	p2	0.8	0.0	0.0
31	protein1	57.05	6.45	3.03654765
31	protein2	32.6	6.15	2.5966071500000005
31	protein3	2.65	0.7	1.275
31	rnapol	0.2	0.0	0.0
32	__protein1_rbs	2.9	0.0	0.0
32	__protein2_rbs	3.25	0.0	0.0
32	__protein3_rbs	0.45	0.0	0.0
32	__ribosome	62.05	0.0	0.0
32	__rnase_site_ext	7.1	0.0	0.0
32	p0	0.85	0.0	0.0
32	p2	0.65	0.0	0.0
32	protein1	60.45	6.5	3.0340477000000003
32	protein2	35.05	6.25	2.6597025000000003
32	protein3	2.9	0.7	1.325
32	rnapol	0.2	0.0	0.0
33	__protein1_rbs	2.2	0.0	0.0
33	__protein2_rbs	2.45	0.0	0.0
33	__protein3_rbs	0.35	0.0	0.0
33	__ribosome	60.75	0.0	0.0
33	__rnase_site_ext	7.15	0.0	0.0
33	p0	0.9	0.0	0.0
33	p2	0.45	0.0	0.0
33	protein1	64.2	6.6	3.04636905
33	protein2	38.15	6.55	2.67029765
33	protein3	3.15	0.75	1.5
33	rnapol	0.35	0.0	0.0
34	__protein1_rbs	3.45	0.0	0.0
34	__protein2_rbs	3.3	0.0	0.0
34	__protein3_rbs	0.35	0.0	0.0
34	__ribosome	61.15	0.0	0.0
34	__rnase_site_ext	7.4	0.0	0.0
34	p0	0.75	0.0	0.0
34	p2	0.5	0.0	0.0
34	protein1	68.15	6.65	2.8758929
34	protein2	40.9	6.65	2.7018452500000003
34	protein3	3.55	0.8	1.475
34	rnapol	0.5	0.0	0.0
35	__protein1_rbs	2.95	0.0	0.0
35	__protein2_rbs	2.65	0.0	0.0
35	__protein3_rbs	0.35	0.0	0.0
35	__ribosome	61.1	0.0	0.0
35	__rnase_site_ext	7.5	0.0	0.0
35	p0	0.9	0.0	0.0
35	p2	0.5	0.0	0.0
35	protein1	72.25	6.8	2.7498810000000002
35	protein2	44.5	6.85	2.67946435
35	protein3	4.1	0.8	1.425
35	rnapol	0.65	0.0	0.0
36	__protein1_rbs	2.8	0.0	0.0
36	__protein2_rbs	3.3	0.0	0.0
36	__protein3_rbs	0.35	0.0	0.0
36	__ribosome	59.45	0.0	0.0
36	__rnase_site_ext	7.65	0.0	0.0
36	p0	0.65	0.0	0.0
36	p2	0.65	0.0	0.0
36	protein1	75.45	7.1	2.79636895
36	protein2	47.6	6.8	2.7542857000000005
36	protein3	4.4	0.9	1.625
36	rnapol	0.6	0.0	0.0
37	__protein1_rbs	2.95	0.0	0.0
37	__protein2_rbs	3.0	0.0	0.0
37	__protein3_rbs	0.55	0.0	0.0
37	__ribosome	58.75	0.0	0.0
37	__rnase_site_ext	8.05	0.0	0.0
37	p0	0.6	0.0	0.0
37	p2	0.75	0.0	0.0
37	protein1	79.6	7.15	2.7866667000000005
37	protein2	51.0	6.9	2.7970238
37	protein3	4.75	0.9	1.625
37	rnapol	0.5	0.0	0.0
38	__protein1_rbs	3.35	0.0	0.0
38	__protein2_rbs	3.05	0.0	0.0
38	__protein3_rbs	0.5	0.0	0.0
38	__ribosome	58.65	0.0	0.0
38	__rnase_site_ext	8.1	0.0	0.0
38	p0	0.85	0.0	0.0
38	p2	0.65	0.0	0.0
38	protein1	83.25	7.35	2.7179563999999994
38	protein2	54.95	7.1	2.69672625
38	protein3	5.2	1.0	1.5
38	rnapol	0.35	0.0	0.0
39	__protein1_rbs	3.45	0.0	0.0
39	__protein2_rbs	3.0	0.0	0.0
39	__protein3_rbs	0.55	0.0	0.0
39	__ribosome	57.65	0.0	0.0
39	__rnase_site_ext	8.2	0.0	0.0
39	p0	0.8	0.0	0.0
39	p2	0.7	0.0	0.0
39	protein1	86.8	7.65	2.67331355
39	protein2	58.6	7.1	2.7629763
39	protein3	5.75	1.1	1.6
39	rnapol	0.35	0.0	0.0
40	__protein1_rbs	3.1	0.0	0.0
40	__protein2_rbs	3.7	0.0	0.0
40	__protein3_rbs	0.5	0.0	0.0
40	__ribosome	57.05	0.0	0.0
40	__rnase_site_ext	8.2	0.0	0.0
40	p0	0.7	0.0	0.0
40	p2	0.85	0.0	0.0
40	protein1	90.65	7.75	2.6941467999999995
40	protein2	62.15	7.3	2.6551588500000003
40	protein3	6.05	1.15	1.8083333500000005
40	rnapol	0.25	0.0	0.0
41	__protein1_rbs	3.7	0.0	0.0
41	__protein2_rbs	3.65	0.0	0.0
41	__protein3_rbs	0.55	0.0	0.0
41	__ribosome	56.95	0.0	0.0
41	__rnase_site_ext	8.5	0.0	0.0
41	p0	0.85	0.0	0.0
41	p2	0.9	0.0	0.0
41	protein1	94.85	7.8	2.67805555
41	protein2	66.05	7.4	2.6191468500000004
41	protein3	6.5	1.3	1.95
41	rnapol	0.3	0.0	0.0
42	__protein1_rbs	3.5	0.0	0.0
42	__protein2_rbs	3.5	0.0	0.0
42	__protein3_rbs	0.65	0.0	0.0
42	__ribosome	55.4	0.0	0.0
42	__rnase_site_ext	8.5	0.0	0.0
42	p0	0.9	0.0	0.0
42	p2	0.85	0.0	0.0
42	protein1	98.5	7.95	2.7557449499999995
42	protein2	69.55	7.55	2.6318452000000003
42	protein3	6.9	1.35	2.0
42	rnapol	0.2	0.0	0.0
43	__protein1_rbs	3.25	0.0	0.0
43	__protein2_rbs	3.6	0.0	0.0
43	__protein3_rbs	0.55	0.0	0.0
43	__ribosome	55.35	0.0	0.0
43	__rnase_site_ext	8.55	0.0	0.0
43	p0	1.0	0.0	0.0
43	p2	0.85	0.0	0.0
43	protein1	102.8	8.05	2.7100361
43	protein2	73.65	7.7	2.56140865
43	protein3	7.65	1.35	2.00833335
43	rnapol	0.4	0.0	0.0
44	__protein1_rbs	3.6	0.0	0.0
44	__protein2_rbs	3.45	0.0	0.0
44	__protein3_rbs	0.65	0.0	0.0
44	__ribosome	53.9	0.0	0.0
44	__rnase_site_ext	8.5	0.0	0.0
44	p0	0.8	0.0	0.0
44	p2	0.8	0.0	0.0
44	protein1	106.65	8.1	2.7882269
44	protein2	77.35	7.85	2.5587301
44	protein3	8.15	1.4	2.15
44	rnapol	0.4	0.0	0.0
45	__protein1_rbs	3.5	0.0	0.0
45	__protein2_rbs	3.65	0.0	0.0
45	__protein3_rbs	0.8	0.0	0.0
45	__ribosome	53.85	0.0	0.0
45	__rnase_site_ext	8.6	0.0	0.0
45	p0	0.8	0.0	0.0
45	p2	0.75	0.0	0.0
45	protein1	111.1	8.1	2.7687985999999998
45	protein2	81.0	7.9	2.5854167500000003
45	protein3	8.9	1.45	1.96666665
45	rnapol	0.3	0.0	0.0
46	__protein1_rbs	3.8	0.0	0.0
46	__protein2_rbs	4.05	0.0	0.0
46	__protein3_rbs	0.6	0.0	0.0
46	__ribosome	53.0	0.0	0.0
46	__rnase_site_ext	8.75	0.0	0.0
46	p0	0.9	0.0	0.0
46	p2	0.85	0.0	0.0
46	protein1	115.2	8.15	2.7820166
46	protein2	84.8	8.25	2.5207739
46	protein3	9.5	1.4	2.13333335
46	rnapol	0.45	0.0	0.0
47	__protein1_rbs	4.15	0.0	0.0
47	__protein2_rbs	3.55	0.0	0.0
47	__protein3_rbs	0.85	0.0	0.0
47	__ribosome	52.65	0.0	0.0
47	__rnase_site_ext	8.9	0.0	0.0
47	p0	0.75	0.0	0.0
47	p2	0.85	0.0	0.0
47	protein1	119.5	8.3	2.69460685
47	protein2	88.55	8.4	2.57281755
47	protein3	10.15	1.45	2.04166665
47	rnapol	0.25	0.0	0.0
48	__protein1_rbs	4.3	0.0	0.0
48	__protein2_rbs	4.4	0.0	0.0
48	__protein3_rbs	0.65	0.0	0.0
48	__ribosome	53.65	0.0	0.0
48	__rnase_site_ext	9.15	0.0	0.0
48	p0	0.9	0.0	0.0
48	p2	0.75	0.0	0.0
48	protein1	123.9	8.4	2.64161085
48	protein2	92.8	8.45	2.50037695
48	protein3	11.0	1.45	2.05
48	rnapol	0.2	0.0	0.0
49	__protein1_rbs	4.15	0.0	0.0
49	__protein2_rbs	4.25	0.0	0.0
49	__protein3_rbs	0.8	0.0	0.0
49	__ribosome	53.9	0.0	0.0
49	__rnase_site_ext	9.25	0.0	0.0
49	p0	0.75	0.0	0.0
49	p2	0.7	0.0	0.0
49	protein1	128.85	8.7	2.44426765
49	protein2	96.9	8.75	2.4737951000000002
49	protein3	11.8	1.45	1.99166665
49	rnapol	0.1	0.0	0.0
50	__protein1_rbs	3.95	0.0	0.0
50	__protein2_rbs	3.95	0.0	0.0
50	__protein3_rbs	0.6	0.0	0.0
50	__ribosome	51.9	0.0	0.0
50	__rnase_site_ext	9.35	0.0	0.0
50	p0	0.85	0.0	0.0
50	p2	0.65	0.0	0.0
50	protein1	132.55	8.65	2.5676263
50	protein2	101.05	8.9	2.5193687
50	protein3	12.3	1.45	2.1500000000000004
50	rnapol	0.2	0.0	0.0
51	__protein1_rbs	4.1	0.0	0.0
51	__protein2_rbs	4.8	0.0	0.0
51	__protein3_rbs	0.75	0.0	0.0
51	__ribosome	51.65	0.0	0.0
51	__rnase_site_ext	9.4	0.0	0.0
51	p0	0.9	0.0	0.0
51	p2	0.5	0.0	0.0
51	protein1	136.95	8.8	2.54788245
51	protein2	104.95	9.1	2.46555375
51	protein3	13.15	1.5	2.04166665
51	rnapol	0.3	0.0	0.0
52	__protein1_rbs	4.45	0.0	0.0
52	__protein2_rbs	4.3	0.0	0.0
52	__protein3_rbs	0.9	0.0	0.0
52	__ribosome	51.1	0.0	0.0
52	__rnase_site_ext	9.3	0.0	0.0
52	p0	0.95	0.0	0.0
52	p2	0.65	0.0	0.0
52	protein1	141.1	8.9	2.5418904
52	protein2	109.15	8.9	2.57332975
52	protein3	13.9	1.55	2.0166667
52	rnapol	0.6	0.0	0.0
53	__protein1_rbs	4.0	0.0	0.0
53	__protein2_rbs	3.85	0.0	0.0
53	__protein3_rbs	1.2	0.0	0.0
53	__ribosome	49.7	0.0	0.0
53	__rnase_site_ext	9.5	0.0	0.0
53	p0	0.65	0.0	0.0
53	p2	0.85	0.0	0.0
53	protein1	144.95	8.8	2.6923357999999995
53	protein2	113.55	8.8	2.6816504
53	protein3	14.65	1.7	1.6291666999999999
53	rnapol	0.5	0.0	0.0
54	__protein1_rbs	3.8	0.0	0.0
54	__protein2_rbs	4.0	0.0	0.0
54	__protein3_rbs	0.85	0.0	0.0
54	__ribosome	48.9	0.0	0.0
54	__rnase_site_ext	9.6	0.0	0.0
54	p0	0.85	0.0	0.0
54	p2	0.55	0.0	0.0
54	protein1	149.3	8.9	2.69973305
54	protein2	118.0	8.9	2.6644444500000004
54	protein3	15.25	1.7	1.75
54	rnapol	0.4	0.0	0.0
55	__protein1_rbs	4.15	0.0	0.0
55	__protein2_rbs	4.3	0.0	0.0
55	__protein3_rbs	0.95	0.0	0.0
55	__ribosome	49.2	0.0	0.0
55	__rnase_site_ext	9.7	0.0	0.0
55	p0	0.75	0.0	0.0
55	p2	0.8	0.0	0.0
55	protein1	153.85	9.15	2.6461535
55	protein2	122.75	9.05	2.57176945
55	protein3	16.05	1.75	1.7333333
55	rnapol	0.45	0.0	0.0
56	__protein1_rbs	4.7	0.0	0.0
56	__protein2_rbs	5.0	0.0	0.0
56	__protein3_rbs	0.95	0.0	0.0
56	__ribosome	49.3	0.0	0.0
56	__rnase_site_ext	9.7	0.0	0.0
56	p0	0.95	0.0	0.0
56	p2	0.7	0.0	0.0
56	protein1	158.35	9.15	2.6339627
56	protein2	127.2	9.45	2.4440132999999995
56	protein3	16.85	1.8	1.6916666499999995
56	rnapol	0.45	0.0	0.0
57	__protein1_rbs	4.25	0.0	0.0
57	__protein2_rbs	4.4	0.0	0.0
57	__protein3_rbs	0.8	0.0	0.0
57	__ribosome	48.3	0.0	0.0
57	__rnase_site_ext	9.95	0.0	0.0
57	p0	0.85	0.0	0.0
57	p2	0.9	0.0	0.0
57	protein1	163.6	9.25	2.5934376
57	protein2	131.6	9.5	2.53130955
57	protein3	17.5	1.85	1.7791667000000002
57	rnapol	0.25	0.0	0.0
58	__protein1_rbs	4.65	0.0	0.0
58	__protein2_rbs	4.35	0.0	0.0
58	__protein3_rbs	0.85	0.0	0.0
58	__ribosome	47.6	0.0	0.0
58	__rnase_site_ext	10.0	0.0	0.0
58	p0	0.85	0.0	0.0
58	p2	0.8	0.0	0.0
58	protein1	167.95	9.45	2.5765966
58	protein2	136.35	9.6	2.5345165999999995
58	protein3	18.1	1.9	1.88
58	rnapol	0.25	0.0	0.0
59	__protein1_rbs	4.1	0.0	0.0
59	__protein2_rbs	5.3	0.0	0.0
59	__protein3_rbs	0.8	0.0	0.0
59	__ribosome	47.0	0.0	0.0
59	__rnase_site_ext	10.15	0.0	0.0
59	p0	0.85	0.0	0.0
59	p2	0.8	0.0	0.0
59	protein1	172.4	9.55	2.6094262499999994
59	protein2	140.85	9.75	2.4481186000000004
59	protein3	19.0	2.05	1.95500005
59	rnapol	0.4	0.0	0.0
60	__protein1_rbs	4.7	0.0	0.0
60	__protein2_rbs	4.7	0.0	0.0
60	__protein3_rbs	1.0	0.0	0.0
60	__ribosome	46.2	0.0	0.0
60	__rnase_site_ext	10.3	0.0	0.0
60	p0	0.8	0.0	0.0
60	p2	0.7	0.0	0.0
60	protein1	177.45	9.7	2.55469495
60	protein2	145.5	9.7	2.5121212500000003
60	protein3	19.9	2.0	inf
60	rnapol	0.25	0.0	0.0
61	__protein1_rbs	5.3	0.0	0.0
61	__protein2_rbs	5.1	0.0	0.0
61	__protein3_rbs	0.9	0.0	0.0
61	__ribosome	46.45	0.0	0.0
61	__rnase_site_ext	10.35	0.0	0.0
61	p0	0.9	0.0	0.0
61	p2	0.6	0.0	0.0
61	protein1	182.15	9.7	2.5370417
61	protein2	149.9	9.7	2.52159085
61	protein3	21.05	2.0	inf
61	rnapol	0.4	0.0	0.0
62	__protein1_rbs	5.2	0.0	0.0
62	__protein2_rbs	5.15	0.0	0.0
62	__protein3_rbs	0.85	0.0	0.0
62	__ribosome	45.8	0.0	0.0
62	__rnase_site_ext	10.5	0.0	0.0
62	p0	0.8	0.0	0.0
62	p2	0.7	0.0	0.0
62	protein1	186.4	9.9	2.5373122
62	protein2	155.0	9.95	2.43799045
62	protein3	21.9	2.0	inf
62	rnapol	0.45	0.0	0.0
63	__protein1_rbs	5.65	0.0	0.0
63	__protein2_rbs	5.55	0.0	0.0
63	__protein3_rbs	1.1	0.0	0.0
63	__ribosome	46.45	0.0	0.0
63	__rnase_site_ext	10.75	0.0	0.0
63	p0	0.8	0.0	0.0
63	p2	0.85	0.0	0.0
63	protein1	191.05	10.1	2.4551492999999995
63	protein2	159.95	10.05	2.39577975
63	protein3	22.95	2.1	1.89916665
63	rnapol	0.5	0.0	0.0
64	__protein1_rbs	4.9	0.0	0.0
64	__protein2_rbs	6.45	0.0	0.0
64	__protein3_rbs	1.1	0.0	0.0
64	__ribosome	47.3	0.0	0.0
64	__rnase_site_ext	11.05	0.0	0.0
64	p0	0.75	0.0	0.0
64	p2	0.75	0.0	0.0
64	protein1	196.6	10.25	2.4042852999999997
64	protein2	164.75	10.3	2.2643175500000003
64	protein3	23.9	2.1	1.955
64	rnapol	0.4	0.0	0.0
65	__protein1_rbs	5.75	0.0	0.0
65	__protein2_rbs	4.9	0.0	0.0
65	__protein3_rbs	0.7	0.0	0.0
65	__ribosome	46.35	0.0	0.0
65	__rnase_site_ext	10.95	0.0	0.0
65	p0	0.8	0.0	0.0
65	p2	0.8	0.0	0.0
65	protein1	201.35	10.45	2.33902405
65	protein2	169.5	10.3	2.3154139
65	protein3	25.0	2.25	2.01333335
65	rnapol	0.4	0.0	0.0
66	__protein1_rbs	5.05	0.0	0.0
66	__protein2_rbs	5.0	0.0	0.0
66	__protein3_rbs	1.15	0.0	0.0
66	__ribosome	45.45	0.0	0.0
66	__rnase_site_ext	11.05	0.0	0.0
66	p0	0.85	0.0	0.0
66	p2	0.8	0.0	0.0
66	protein1	206.15	10.4	2.37136775
66	protein2	174.4	10.35	2.3518038500000005
66	protein3	26.0	2.3	2.0983333
66	rnapol	0.4	0.0	0.0
67	__protein1_rbs	4.55	0.0	0.0
67	__protein2_rbs	5.05	0.0	0.0
67	__protein3_rbs	1.15	0.0	0.0
67	__ribosome	44.1	0.0	0.0
67	__rnase_site_ext	11.2	0.0	0.0
67	p0	0.8	0.0	0.0
67	p2	0.7	0.0	0.0
67	protein1	211.3	10.5	2.4160373
67	protein2	179.25	10.55	2.35887675
67	protein3	27.15	2.35	2.1241666500000003
67	rnapol	0.25	0.0	0.0
68	__protein1_rbs	5.65	0.0	0.0
68	__protein2_rbs	5.7	0.0	0.0
68	__protein3_rbs	0.85	0.0	0.0
68	__ribosome	42.95	0.0	0.0
68	__rnase_site_ext	11.35	0.0	0.0
68	p0	0.75	0.0	0.0
68	p2	0.6	0.0	0.0
68	protein1	215.85	10.7	2.4066322500000004
68	protein2	183.5	10.65	2.3813284
68	protein3	28.15	2.35	2.2966667000000003
68	rnapol	0.2	0.0	0.0
69	__protein1_rbs	6.15	0.0	0.0
69	__protein2_rbs	6.45	0.0	0.0
69	__protein3_rbs	1.2	0.0	0.0
69	__ribosome	43.7	0.0	0.0
69	__rnase_site_ext	11.6	0.0	0.0
69	p0	0.85	0.0	0.0
69	p2	0.85	0.0	0.0
69	protein1	220.95	10.85	2.34302805
69	protein2	188.0	10.7	2.33064665
69	protein3	29.3	2.45	2.32583335
69	rnapol	0.45	0.0	0.0
70	__protein1_rbs	6.3	0.0	0.0
70	__protein2_rbs	4.85	0.0	0.0
70	__protein3_rbs	1.45	0.0	0.0
70	__ribosome	43.2	0.0	0.0
70	__rnase_site_ext	11.6	0.0	0.0
70	p0	0.9	0.0	0.0
70	p2	0.7	0.0	0.0
70	protein1	225.5	11.1	2.31140175
70	protein2	193.1	10.65	2.4100044000000005
70	protein3	30.65	2.4	2.22000005
70	rnapol	0.45	0.0	0.0
71	__protein1_rbs	5.85	0.0	0.0
71	__protein2_rbs	5.65	0.0	0.0
71	__protein3_rbs	1.65	0.0	0.0
71	__ribosome	43.2	0.0	0.0
71	__rnase_site_ext	11.5	0.0	0.0
71	p0	0.9	0.0	0.0
71	p2	0.75	0.0	0.0
71	protein1	230.65	11.05	2.3544153000000003
71	protein2	198.25	10.65	2.3930309500000004
71	protein3	31.55	2.4	2.19749995
71	rnapol	0.35	0.0	0.0
72	__protein1_rbs	5.7	0.0	0.0
72	__protein2_rbs	6.2	0.0	0.0
72	__protein3_rbs	1.15	0.0	0.0
72	__ribosome	44.35	0.0	0.0
72	__rnase_site_ext	11.7	0.0	0.0
72	p0	0.85	0.0	0.0
72	p2	0.75	0.0	0.0
72	protein1	236.3	11.05	2.29572605
72	protein2	203.1	10.85	2.31408525
72	protein3	32.95	2.4	2.17000005
72	rnapol	0.4	0.0	0.0
73	__protein1_rbs	5.45	0.0	0.0
73	__protein2_rbs	5.7	0.0	0.0
73	__protein3_rbs	1.2	0.0	0.0
73	__ribosome	43.6	0.0	0.0
73	__rnase_site_ext	11.85	0.0	0.0
73	p0	0.85	0.0	0.0
73	p2	0.65	0.0	0.0
73	protein1	241.2	11.1	2.3295847000000003
73	protein2	208.55	11.0	2.3039823000000004
73	protein3	34.15	2.55	2.1391666000000003
73	rnapol	0.3	0.0	0.0
74	__protein1_rbs	5.15	0.0	0.0
74	__protein2_rbs	5.75	0.0	0.0
74	__protein3_rbs	1.1	0.0	0.0
74	__ribosome	42.1	0.0	0.0
74	__rnase_site_ext	11.95	0.0	0.0
74	p0	0.9	0.0	0.0
74	p2	0.8	0.0	0.0
74	protein1	245.95	11.25	2.3870162
74	protein2	213.45	11.15	2.29386855
74	protein3	35.2	2.65	2.1191667
74	rnapol	0.45	0.0	0.0
75	__protein1_rbs	5.45	0.0	0.0
75	__protein2_rbs	5.65	0.0	0.0
75	__protein3_rbs	1.4	0.0	0.0
75	__ribosome	41.1	0.0	0.0
75	__rnase_site_ext	12.0	0.0	0.0
75	p0	0.8	0.0	0.0
75	p2	0.7	0.0	0.0
75	protein1	251.45	11.4	2.3321467
75	protein2	217.9	11.2	2.41752795
75	protein3	36.55	2.75	2.0416666
75	rnapol	0.35	0.0	0.0
76	__protein1_rbs	6.05	0.0	0.0
76	__protein2_rbs	6.2	0.0	0.0
76	__protein3_rbs	1.6	0.0	0.0
76	__ribosome	40.45	0.0	0.0
76	__rnase_site_ext	12.3	0.0	0.0
76	p0	0.8	0.0	0.0
76	p2	0.7	0.0	0.0
76	protein1	256.3	11.5	2.35189905
76	protein2	222.9	11.3	2.3846494
76	protein3	37.55	2.8	2.11583335
76	rnapol	0.25	0.0	0.0
77	__protein1_rbs	6.8	0.0	0.0
77	__protein2_rbs	6.6	0.0	0.0
77	__protein3_rbs	1.6	0.0	0.0
77	__ribosome	40.7	0.0	0.0
77	__rnase_site_ext	12.35	0.0	0.0
77	p0	0.95	0.0	0.0
77	p2	0.6	0.0	0.0
77	protein1	261.6	11.7	2.2738118500000004
77	protein2	228.25	11.7	2.2974421
77	protein3	38.7	2.95	2.11916665
77	rnapol	0.3	0.0	0.0
78	__protein1_rbs	6.5	0.0	0.0
78	__protein2_rbs	6.45	0.0	0.0
78	__protein3_rbs	1.55	0.0	0.0
78	__ribosome	39.85	0.0	0.0
78	__rnase_site_ext	12.35	0.0	0.0
78	p0	0.75	0.0	0.0
78	p2	0.7	0.0	0.0
78	protein1	266.8	11.85	2.2731816500000006
78	protein2	233.15	11.85	2.289182500000001
78	protein3	39.7	2.95	2.2683332999999997
78	rnapol	0.4	0.0	0.0
79	__protein1_rbs	7.0	0.0	0.0
79	__protein2_rbs	5.9	0.0	0.0
79	__protein3_rbs	1.6	0.0	0.0
79	__ribosome	40.05	0.0	0.0
79	__rnase_site_ext	12.4	0.0	0.0
79	p0	0.75	0.0	0.0
79	p2	0.75	0.0	0.0
79	protein1	272.4	11.85	2.23410645
79	protein2	238.8	11.95	2.29480165
79	protein3	41.15	3.0	2.29500005
79	rnapol	0.45	0.0	0.0
80	__protein1_rbs	5.55	0.0	0.0
80	__protein2_rbs	6.65	0.0	0.0
80	__protein3_rbs	1.55	0.0	0.0
80	__ribosome	39.15	0.0	0.0
80	__rnase_site_ext	12.35	0.0	0.0
80	p0	0.85	0.0	0.0
80	p2	0.8	0.0	0.0
80	protein1	278.0	12.05	2.2716923
80	protein2	244.3	12.0	2.26545465
80	protein3	42.45	3.0	2.2941667000000003
80	rnapol	0.5	0.0	0.0
81	__protein1_rbs	7.4	0.0	0.0
81	__protein2_rbs	6.25	0.0	0.0
81	__protein3_rbs	1.8	0.0	0.0
81	__ribosome	39.2	0.0	0.0
81	__rnase_site_ext	12.5	0.0	0.0
81	p0	0.85	0.0	0.0
81	p2	0.65	0.0	0.0
81	protein1	283.15	12.0	2.2511546500000006
81	protein2	249.5	11.9	2.3355425000000003
81	protein3	43.6	3.0	2.2475
81	rnapol	0.4	0.0	0.0
82	__protein1_rbs	7.5	0.0	0.0
82	__protein2_rbs	6.55	0.0	0.0
82	__protein3_rbs	1.5	0.0	0.0
82	__ribosome	39.1	0.0	0.0
82	__rnase_site_ext	12.6	0.0	0.0
82	p0	0.8	0.0	0.0
82	p2	0.65	0.0	0.0
82	protein1	288.1	12.05	2.22701875
82	protein2	254.7	12.0	2.3340637
82	protein3	45.05	3.0	2.3325000000000005
82	rnapol	0.6	0.0	0.0
83	__protein1_rbs	6.55	0.0	0.0
83	__protein2_rbs	6.75	0.0	0.0
83	__protein3_rbs	1.75	0.0	0.0
83	__ribosome	39.2	0.0	0.0
83	__rnase_site_ext	12.7	0.0	0.0
83	p0	0.6	0.0	0.0
83	p2	0.9	0.0	0.0
83	protein1	293.35	12.2	2.25636945
83	protein2	260.05	12.1	2.2922782000000006
83	protein3	46.45	3.0	2.3291666500000003
83	rnapol	0.45	0.0	0.0
84	__protein1_rbs	6.6	0.0	0.0
84	__protein2_rbs	6.45	0.0	0.0
84	__protein3_rbs	1.65	0.0	0.0
84	__ribosome	39.3	0.0	0.0
84	__rnase_site_ext	12.8	0.0	0.0
84	p0	0.7	0.0	0.0
84	p2	0.7	0.0	0.0
84	protein1	298.95	12.15	2.2817481
84	protein2	266.05	12.3	2.246906450000001
84	protein3	47.8	2.95	2.3791667000000003
84	rnapol	0.25	0.0	0.0
85	__protein1_rbs	6.45	0.0	0.0
85	__protein2_rbs	7.0	0.0	0.0
85	__protein3_rbs	1.65	0.0	0.0
85	__ribosome	39.0	0.0	0.0
85	__rnase_site_ext	13.25	0.0	0.0
85	p0	0.7	0.0	0.0
85	p2	0.95	0.0	0.0
85	protein1	304.6	12.5	2.2235235
85	protein2	271.75	12.35	2.2342306500000007
85	protein3	49.15	3.05	2.33
85	rnapol	0.3	0.0	0.0
86	__protein1_rbs	7.2	0.0	0.0
86	__protein2_rbs	6.85	0.0	0.0
86	__protein3_rbs	1.8	0.0	0.0
86	__ribosome	38.6	0.0	0.0
86	__rnase_site_ext	13.15	0.0	0.0
86	p0	0.95	0.0	0.0
86	p2	0.9	0.0	0.0
86	protein1	309.55	12.8	2.214614
86	protein2	277.05	12.15	2.24119235
86	protein3	50.6	3.15	2.21666665
86	rnapol	0.35	0.0	0.0
87	__protein1_rbs	7.3	0.0	0.0
87	__protein2_rbs	6.15	0.0	0.0
87	__protein3_rbs	1.55	0.0	0.0
87	__ribosome	36.9	0.0	0.0
87	__rnase_site_ext	13.3	0.0	0.0
87	p0	0.85	0.0	0.0
87	p2	0.85	0.0	0.0
87	protein1	315.1	12.85	2.1656093999999997
87	protein2	281.85	12.3	2.33448875
87	protein3	51.65	3.1	2.38333335
87	rnapol	0.3	0.0	0.0
88	__protein1_rbs	7.85	0.0	0.0
88	__protein2_rbs	7.6	0.0	0.0
88	__protein3_rbs	1.8	0.0	0.0
88	__ribosome	38.15	0.0	0.0
88	__rnase_site_ext	13.15	0.0	0.0
88	p0	0.75	0.0	0.0
88	p2	0.8	0.0	0.0
88	protein1	320.35	12.8	2.2112689
88	protein2	287.8	12.6	2.2020675
88	protein3	53.1	3.05	2.30416665
88	rnapol	0.3	0.0	0.0
89	__protein1_rbs	7.15	0.0	0.0
89	__protein2_rbs	6.6	0.0	0.0
89	__protein3_rbs	1.85	0.0	0.0
89	__ribosome	38.3	0.0	0.0
89	__rnase_site_ext	13.35	0.0	0.0
89	p0	0.7	0.0	0.0
89	p2	0.75	0.0	0.0
89	protein1	326.15	12.8	2.1905284000000003
89	protein2	293.8	12.9	2.160185
89	protein3	54.45	2.95	2.3824999999999994
89	rnapol	0.2	0.0	0.0
90	__protein1_rbs	7.3	0.0	0.0
90	__protein2_rbs	7.55	0.0	0.0
90	__protein3_rbs	1.85	0.0	0.0
90	__ribosome	38.35	0.0	0.0
90	__rnase_site_ext	13.6	0.0	0.0
90	p0	0.9	0.0	0.0
90	p2	0.9	0.0	0.0
90	protein1	331.95	12.95	2.155890049999999
90	protein2	298.95	13.0	2.1729335999999995
90	protein3	55.95	2.95	2.3183333500000005
90	rnapol	0.4	0.0	0.0
91	__protein1_rbs	6.5	0.0	0.0
91	__protein2_rbs	7.1	0.0	0.0
91	__protein3_rbs	1.55	0.0	0.0
91	__ribosome	36.9	0.0	0.0
91	__rnase_site_ext	13.5	0.0	0.0
91	p0	0.85	0.0	0.0
91	p2	0.8	0.0	0.0
91	protein1	337.35	13.15	2.1937159
91	protein2	304.55	13.2	2.1936322999999995
91	protein3	57.45	2.9	2.325
91	rnapol	0.55	0.0	0.0
92	__protein1_rbs	8.2	0.0	0.0
92	__protein2_rbs	7.5	0.0	0.0
92	__protein3_rbs	1.5	0.0	0.0
92	__ribosome	37.35	0.0	0.0
92	__rnase_site_ext	13.45	0.0	0.0
92	p0	0.75	0.0	0.0
92	p2	0.7	0.0	0.0
92	protein1	343.15	13.05	2.15913695
92	protein2	310.35	13.5	2.16444275
92	protein3	58.85	2.85	2.27416665
92	rnapol	0.35	0.0	0.0
93	__protein1_rbs	7.75	0.0	0.0
93	__protein2_rbs	7.0	0.0	0.0
93	__protein3_rbs	1.6	0.0	0.0
93	__ribosome	36.15	0.0	0.0
93	__rnase_site_ext	13.65	0.0	0.0
93	p0	0.9	0.0	0.0
93	p2	0.75	0.0	0.0
93	protein1	348.55	13.15	2.1312676000000006
93	protein2	315.3	13.95	2.19400665
93	protein3	60.35	2.85	2.05416665
93	rnapol	0.4	0.0	0.0
94	__protein1_rbs	7.25	0.0	0.0
94	__protein2_rbs	8.15	0.0	0.0
94	__protein3_rbs	1.9	0.0	0.0
94	__ribosome	36.05	0.0	0.0
94	__rnase_site_ext	13.75	0.0	0.0
94	p0	0.75	0.0	0.0
94	p2	0.7	0.0	0.0
94	protein1	354.05	13.35	2.1682818999999998
94	protein2	322.1	14.0	2.1181262000000003
94	protein3	61.35	2.85	2.12833335
94	rnapol	0.4	0.0	0.0
95	__protein1_rbs	7.5	0.0	0.0
95	__protein2_rbs	8.5	0.0	0.0
95	__protein3_rbs	1.9	0.0	0.0
95	__ribosome	36.25	0.0	0.0
95	__rnase_site_ext	13.8	0.0	0.0
95	p0	0.85	0.0	0.0
95	p2	0.9	0.0	0.0
95	protein1	359.75	13.35	2.16718035
95	protein2	327.35	14.05	2.1212611000000003
95	protein3	62.85	2.85	2.015
95	rnapol	0.5	0.0	0.0
96	__protein1_rbs	8.3	0.0	0.0
96	__protein2_rbs	7.9	0.0	0.0
96	__protein3_rbs	1.9	0.0	0.0
96	__ribosome	36.95	0.0	0.0
96	__rnase_site_ext	13.7	0.0	0.0
96	p0	0.75	0.0	0.0
96	p2	0.6	0.0	0.0
96	protein1	365.9	13.4	2.1040043000000006
96	protein2	333.4	13.7	2.1858735000000005
96	protein3	63.9	2.9	1.9641667000000005
96	rnapol	0.35	0.0	0.0
97	__protein1_rbs	7.45	0.0	0.0
97	__protein2_rbs	7.55	0.0	0.0
97	__protein3_rbs	1.6	0.0	0.0
97	__ribosome	36.15	0.0	0.0
97	__rnase_site_ext	13.85	0.0	0.0
97	p0	0.85	0.0	0.0
97	p2	0.7	0.0	0.0
97	protein1	371.55	13.4	2.1158643
97	protein2	339.45	13.75	2.2150272
97	protein3	65.25	2.9	1.98749995
97	rnapol	0.45	0.0	0.0
98	__protein1_rbs	7.45	0.0	0.0
98	__protein2_rbs	8.3	0.0	0.0
98	__protein3_rbs	1.6	0.0	0.0
98	__ribosome	36.2	0.0	0.0
98	__rnase_site_ext	14.0	0.0	0.0
98	p0	0.75	0.0	0.0
98	p2	0.5	0.0	0.0
98	protein1	376.85	13.45	2.1734504500000003
98	protein2	346.1	13.85	2.1308092000000003
98	protein3	66.5	2.85	2.02166665
98	rnapol	0.3	0.0	0.0
99	__protein1_rbs	7.35	0.0	0.0
99	__protein2_rbs	7.75	0.0	0.0
99	__protein3_rbs	1.65	0.0	0.0
99	__ribosome	36.15	0.0	0.0
99	__rnase_site_ext	14.05	0.0	0.0
99	p0	0.85	0.0	0.0
99	p2	0.7	0.0	0.0
99	protein1	382.85	13.65	2.15971595
99	protein2	352.55	13.95	2.10248795
99	protein3	67.7	2.9	1.9775000000000005
99	rnapol	0.6	0.0	0.0
100	__protein1_rbs	8.2	0.0	0.0
100	__protein2_rbs	7.9	0.0	0.0
100	__protein3_rbs	1.55	0.0	0.0
100	__ribosome	35.75	0.0	0.0
100	__rnase_site_ext	13.95	0.0	0.0
100	p0	0.75	0.0	0.0
100	p2	0.85	0.0	0.0
100	protein1	389.15	13.55	2.0975809
100	protein2	357.65	14.0	2.1677705999999994
100	protein3	68.65	2.95	2.125
100	rnapol	0.45	0.0	0.0
101	__protein1_rbs	7.4	0.0	0.0
101	__protein2_rbs	8.15	0.0	0.0
101	__protein3_rbs	1.65	0.0	0.0
101	__ribosome	35.2	0.0	0.0
101	__rnase_site_ext	14.1	0.0	0.0
101	p0	0.7	0.0	0.0
101	p2	0.85	0.0	0.0
101	protein1	394.25	13.45	2.1711196500000005
101	protein2	363.9	14.25	2.1236410999999995
101	protein3	69.85	2.9	2.17916665
101	rnapol	0.3	0.0	0.0
102	__protein1_rbs	8.15	0.0	0.0
102	__protein2_rbs	8.35	0.0	0.0
102	__protein3_rbs	1.8	0.0	0.0
102	__ribosome	35.95	0.0	0.0
102	__rnase_site_ext	14.15	0.0	0.0
102	p0	0.8	0.0	0.0
102	p2	0.75	0.0	0.0
102	protein1	400.25	13.7	2.0820591
102	protein2	370.1	14.35	2.1203034
102	protein3	71.45	2.95	2.0250000000000004
102	rnapol	0.25	0.0	0.0
103	__protein1_rbs	8.75	0.0	0.0
103	__protein2_rbs	8.35	0.0	0.0
103	__protein3_rbs	1.65	0.0	0.0
103	__ribosome	35.45	0.0	0.0
103	__rnase_site_ext	14.05	0.0	0.0
103	p0	0.95	0.0	0.0
103	p2	0.85	0.0	0.0
103	protein1	405.65	13.65	2.12101855
103	protein2	376.25	14.45	2.1363506000000005
103	protein3	72.55	3.05	2.08630955
103	rnapol	0.4	0.0	0.0
104	__protein1_rbs	7.1	0.0	0.0
104	__protein2_rbs	8.35	0.0	0.0
104	__protein3_rbs	1.5	0.0	0.0
104	__ribosome	34.45	0.0	0.0
104	__rnase_site_ext	14.0	0.0	0.0
104	p0	0.8	0.0	0.0
104	p2	0.8	0.0	0.0
104	protein1	412.3	13.65	2.12514055
104	protein2	382.3	14.4	2.168171650000001
104	protein3	73.7	3.1	2.07571425
104	rnapol	0.3	0.0	0.0
105	__protein1_rbs	8.45	0.0	0.0
105	__protein2_rbs	8.3	0.0	0.0
105	__protein3_rbs	1.9	0.0	0.0
105	__ribosome	33.9	0.0	0.0
105	__rnase_site_ext	14.0	0.0	0.0
105	p0	0.9	0.0	0.0
105	p2	0.7	0.0	0.0
105	protein1	417.3	13.5	2.1488194000000003
105	protein2	387.4	14.6	2.20274655
105	protein3	75.15	3.05	1.9615476000000003
105	rnapol	0.4	0.0	0.0
106	__protein1_rbs	7.75	0.0	0.0
106	__protein2_rbs	8.25	0.0	0.0
106	__protein3_rbs	1.55	0.0	0.0
106	__ribosome	34.35	0.0	0.0
106	__rnase_site_ext	14.2	0.0	0.0
106	p0	0.7	0.0	0.0
106	p2	0.8	0.0	0.0
106	protein1	423.3	13.5	2.1642208500000004
106	protein2	394.75	14.65	2.12801915
106	protein3	76.1	3.05	2.1720238
106	rnapol	0.5	0.0	0.0
107	__protein1_rbs	8.0	0.0	0.0
107	__protein2_rbs	9.0	0.0	0.0
107	__protein3_rbs	1.9	0.0	0.0
107	__ribosome	34.9	0.0	0.0
107	__rnase_site_ext	14.45	0.0	0.0
107	p0	0.75	0.0	0.0
107	p2	0.75	0.0	0.0
107	protein1	429.4	13.75	2.11416855
107	protein2	400.9	14.8	2.1036877
107	protein3	77.5	3.1	2.1311905
107	rnapol	0.35	0.0	0.0
108	__protein1_rbs	8.65	0.0	0.0
108	__protein2_rbs	8.55	0.0	0.0
108	__protein3_rbs	1.9	0.0	0.0
108	__ribosome	34.75	0.0	0.0
108	__rnase_site_ext	14.45	0.0	0.0
108	p0	0.7	0.0	0.0
108	p2	0.75	0.0	0.0
108	protein1	434.9	14.0	2.05837995
108	protein2	407.3	14.85	2.1076873000000003
108	protein3	78.75	3.1	2.0192856500000005
108	rnapol	0.3	0.0	0.0
109	__protein1_rbs	8.25	0.0	0.0
109	__protein2_rbs	8.9	0.0	0.0
109	__protein3_rbs	1.55	0.0	0.0
109	__ribosome	34.45	0.0	0.0
109	__rnase_site_ext	14.6	0.0	0.0
109	p0	0.85	0.0	0.0
109	p2	0.75	0.0	0.0
109	protein1	441.1	13.95	2.0296034999999994
109	protein2	413.05	15.1	2.12062255
109	protein3	80.1	3.05	2.0934524
109	rnapol	0.4	0.0	0.0
110	__protein1_rbs	8.15	0.0	0.0
110	__protein2_rbs	8.6	0.0	0.0
110	__protein3_rbs	1.7	0.0	0.0
110	__ribosome	33.35	0.0	0.0
110	__rnase_site_ext	14.85	0.0	0.0
110	p0	0.8	0.0	0.0
110	p2	0.85	0.0	0.0
110	protein1	446.75	14.15	2.0171639
110	protein2	419.05	15.15	2.1599085
110	protein3	81.45	3.05	2.2113095
110	rnapol	0.4	0.0	0.0
111	__protein1_rbs	8.6	0.0	0.0
111	__protein2_rbs	8.8	0.0	0.0
111	__protein3_rbs	1.55	0.0	0.0
111	__ribosome	33.95	0.0	0.0
111	__rnase_site_ext	14.75	0.0	0.0
111	p0	0.8	0.0	0.0
111	p2	0.65	0.0	0.0
111	protein1	452.5	14.4	1.9755143
111	protein2	425.95	15.2	2.11250425
111	protein3	82.95	3.0	inf
111	rnapol	0.3	0.0	0.0
112	__protein1_rbs	8.4	0.0	0.0
112	__protein2_rbs	8.85	0.0	0.0
112	__protein3_rbs	1.8	0.0	0.0
112	__ribosome	33.95	0.0	0.0
112	__rnase_site_ext	14.95	0.0	0.0
112	p0	0.85	0.0	0.0
112	p2	0.7	0.0	0.0
112	protein1	458.65	14.4	1.9740246
112	protein2	432.15	15.1	2.1257439
112	protein3	84.2	3.0	inf
112	rnapol	0.4	0.0	0.0
113	__protein1_rbs	8.75	0.0	0.0
113	__protein2_rbs	8.8	0.0	0.0
113	__protein3_rbs	1.9	0.0	0.0
113	__ribosome	34.05	0.0	0.0
113	__rnase_site_ext	15.0	0.0	0.0
113	p0	0.8	0.0	0.0
113	p2	0.7	0.0	0.0
113	protein1	464.15	14.55	1.9742228
113	protein2	439.15	15.05	2.1117284
113	protein3	85.45	3.1	inf
113	rnapol	0.35	0.0	0.0
114	__protein1_rbs	8.5	0.0	0.0
114	__protein2_rbs	9.1	0.0	0.0
114	__protein3_rbs	1.7	0.0	0.0
114	__ribosome	33.55	0.0	0.0
114	__rnase_site_ext	14.95	0.0	0.0
114	p0	0.85	0.0	0.0
114	p2	0.65	0.0	0.0
114	protein1	469.65	14.5	2.0349867999999995
114	protein2	445.2	15.0	2.12027535
114	protein3	87.0	3.1	1.96547615
114	rnapol	0.35	0.0	0.0
115	__protein1_rbs	8.4	0.0	0.0
115	__protein2_rbs	9.4	0.0	0.0
115	__protein3_rbs	1.85	0.0	0.0
115	__ribosome	33.05	0.0	0.0
115	__rnase_site_ext	15.1	0.0	0.0
115	p0	0.95	0.0	0.0
115	p2	0.9	0.0	0.0
115	protein1	475.1	14.6	2.0812686
115	protein2	452.0	15.0	2.0741898
115	protein3	88.15	3.2	1.9988095
115	rnapol	0.65	0.0	0.0
116	__protein1_rbs	8.15	0.0	0.0
116	__protein2_rbs	9.7	0.0	0.0
116	__protein3_rbs	2.2	0.0	0.0
116	__ribosome	33.4	0.0	0.0
116	__rnase_site_ext	15.1	0.0	0.0
116	p0	0.8	0.0	0.0
116	p2	0.8	0.0	0.0
116	protein1	481.65	14.7	2.06003515
116	protein2	458.0	15.25	2.0278959
116	protein3	89.45	3.25	1.8830952
116	rnapol	0.45	0.0	0.0
117	__protein1_rbs	8.75	0.0	0.0
117	__protein2_rbs	8.75	0.0	0.0
117	__protein3_rbs	1.9	0.0	0.0
117	__ribosome	33.7	0.0	0.0
117	__rnase_site_ext	15.1	0.0	0.0
117	p0	0.8	0.0	0.0
117	p2	1.0	0.0	0.0
117	protein1	487.75	14.75	2.04206935
117	protein2	465.05	15.35	1.98453135
117	protein3	90.95	3.35	1.86392855
117	rnapol	0.45	0.0	0.0
118	__protein1_rbs	8.9	0.0	0.0
118	__protein2_rbs	8.9	0.0	0.0
118	__protein3_rbs	1.9	0.0	0.0
118	__ribosome	33.1	0.0	0.0
118	__rnase_site_ext	15.1	0.0	0.0
118	p0	0.8	0.0	0.0
118	p2	0.8	0.0	0.0
118	protein1	493.65	14.65	2.05774485
118	protein2	470.85	15.0	2.0690569000000005
118	protein3	92.2	3.4	1.9023809499999995
118	rnapol	0.5	0.0	0.0
119	__protein1_rbs	9.4	0.0	0.0
119	__protein2_rbs	8.5	0.0	0.0
119	__protein3_rbs	1.9	0.0	0.0
119	__ribosome	32.9	0.0	0.0
119	__rnase_site_ext	15.1	0.0	0.0
119	p0	0.95	0.0	0.0
119	p2	0.85	0.0	0.0
119	protein1	500.2	14.8	1.9839501000000008
119	protein2	476.9	15.3	2.0729072000000004
119	protein3	93.45	3.4	1.97214285
119	rnapol	0.65	0.0	0.0
120	__protein1_rbs	9.55	0.0	0.0
120	__protein2_rbs	9.2	0.0	0.0
120	__protein3_rbs	2.05	0.0	0.0
120	__ribosome	32.55	0.0	0.0
120	__rnase_site_ext	15.3	0.0	0.0
120	p0	0.6	0.0	0.0
120	p2	0.6	0.0	0.0
120	protein1	506.25	14.75	1.98028225
120	protein2	483.35	15.25	2.10424615
120	protein3	94.65	3.35	2.1079761999999995
120	rnapol	0.3	0.0	0.0
121	__protein1_rbs	8.45	0.0	0.0
121	__protein2_rbs	8.65	0.0	0.0
121	__protein3_rbs	1.9	0.0	0.0
121	__ribosome	31.15	0.0	0.0
121	__rnase_site_ext	15.3	0.0	0.0
121	p0	0.75	0.0	0.0
121	p2	0.65	0.0	0.0
121	protein1	512.45	14.8	2.0185855000000004
121	protein2	489.3	15.45	2.13863295
121	protein3	95.95	3.3	2.26797615
121	rnapol	0.4	0.0	0.0
122	__protein1_rbs	9.55	0.0	0.0
122	__protein2_rbs	9.05	0.0	0.0
122	__protein3_rbs	2.25	0.0	0.0
122	__ribosome	32.1	0.0	0.0
122	__rnase_site_ext	15.55	0.0	0.0
122	p0	0.8	0.0	0.0
122	p2	0.8	0.0	0.0
122	protein1	518.35	14.95	1.96070095
122	protein2	496.8	15.6	2.0852738000000004
122	protein3	97.3	3.3	2.17404765
122	rnapol	0.55	0.0	0.0
123	__protein1_rbs	9.0	0.0	0.0
123	__protein2_rbs	8.55	0.0	0.0
123	__protein3_rbs	2.0	0.0	0.0
123	__ribosome	30.5	0.0	0.0
123	__rnase_site_ext	15.75	0.0	0.0
123	p0	0.85	0.0	0.0
123	p2	0.8	0.0	0.0
123	protein1	524.1	15.15	1.98175705
123	protein2	502.6	15.55	2.16354195
123	protein3	98.9	3.35	2.1640477000000002
123	rnapol	0.65	0.0	0.0
124	__protein1_rbs	9.65	0.0	0.0
124	__protein2_rbs	8.9	0.0	0.0
124	__protein3_rbs	2.15	0.0	0.0
124	__ribosome	32.15	0.0	0.0
124	__rnase_site_ext	15.6	0.0	0.0
124	p0	0.75	0.0	0.0
124	p2	0.65	0.0	0.0
124	protein1	530.5	15.35	1.9160912
124	protein2	509.4	15.7	2.1014604500000003
124	protein3	100.55	3.3	1.94773815
124	rnapol	0.45	0.0	0.0
125	__protein1_rbs	9.15	0.0	0.0
125	__protein2_rbs	9.45	0.0	0.0
125	__protein3_rbs	1.85	0.0	0.0
125	__ribosome	31.95	0.0	0.0
125	__rnase_site_ext	15.8	0.0	0.0
125	p0	0.7	0.0	0.0
125	p2	0.85	0.0	0.0
125	protein1	536.4	15.25	1.94661515
125	protein2	515.7	15.8	2.08496125
125	protein3	102.0	3.3	1.9185714
125	rnapol	0.35	0.0	0.0
126	__protein1_rbs	9.1	0.0	0.0
126	__protein2_rbs	10.0	0.0	0.0
126	__protein3_rbs	1.95	0.0	0.0
126	__ribosome	32.9	0.0	0.0
126	__rnase_site_ext	15.8	0.0	0.0
126	p0	0.85	0.0	0.0
126	p2	0.75	0.0	0.0
126	protein1	542.65	15.3	1.98540685
126	protein2	522.65	15.75	2.00889515
126	protein3	103.55	3.35	1.90535715
126	rnapol	0.25	0.0	0.0
127	__protein1_rbs	9.35	0.0	0.0
127	__protein2_rbs	9.75	0.0	0.0
127	__protein3_rbs	1.95	0.0	0.0
127	__ribosome	32.1	0.0	0.0
127	__rnase_site_ext	15.9	0.0	0.0
127	p0	0.85	0.0	0.0
127	p2	0.65	0.0	0.0
127	protein1	548.2	15.35	2.06043205
127	protein2	529.5	15.75	1.95234895
127	protein3	104.6	3.45	2.0341666000000003
127	rnapol	0.2	0.0	0.0
128	__protein1_rbs	9.25	0.0	0.0
128	__protein2_rbs	9.6	0.0	0.0
128	__protein3_rbs	2.15	0.0	0.0
128	__ribosome	30.95	0.0	0.0
128	__rnase_site_ext	15.8	0.0	0.0
128	p0	0.8	0.0	0.0
128	p2	0.85	0.0	0.0
128	protein1	554.15	15.4	2.08001255
128	protein2	535.75	15.95	1.9861165
128	protein3	106.15	3.45	2.0449999
128	rnapol	0.2	0.0	0.0
129	__protein1_rbs	9.55	0.0	0.0
129	__protein2_rbs	10.1	0.0	0.0
129	__protein3_rbs	2.4	0.0	0.0
129	__ribosome	32.15	0.0	0.0
129	__rnase_site_ext	15.85	0.0	0.0
129	p0	0.9	0.0	0.0
129	p2	0.65	0.0	0.0
129	protein1	560.55	15.35	2.0415484
129	protein2	542.6	16.25	1.90600375
129	protein3	107.65	3.5	2.08916665
129	rnapol	0.2	0.0	0.0
130	__protein1_rbs	9.75	0.0	0.0
130	__protein2_rbs	9.75	0.0	0.0
130	__protein3_rbs	1.85	0.0	0.0
130	__ribosome	31.7	0.0	0.0
130	__rnase_site_ext	15.8	0.0	0.0
130	p0	0.85	0.0	0.0
130	p2	0.75	0.0	0.0
130	protein1	567.0	15.45	2.0135374500000003
130	protein2	548.95	16.3	1.9328863
130	protein3	109.05	3.5	2.08916665
130	rnapol	0.25	0.0	0.0
131	__protein1_rbs	9.85	0.0	0.0
131	__protein2_rbs	9.8	0.0	0.0
131	__protein3_rbs	2.25	0.0	0.0
131	__ribosome	31.25	0.0	0.0
131	__rnase_site_ext	15.95	0.0	0.0
131	p0	0.8	0.0	0.0
131	p2	0.8	0.0	0.0
131	protein1	573.65	15.3	1.9966637
131	protein2	554.8	16.4	1.9856189
131	protein3	110.4	3.6	1.98005955
131	rnapol	0.2	0.0	0.0
132	__protein1_rbs	9.15	0.0	0.0
132	__protein2_rbs	10.1	0.0	0.0
132	__protein3_rbs	1.95	0.0	0.0
132	__ribosome	31.45	0.0	0.0
132	__rnase_site_ext	15.9	0.0	0.0
132	p0	0.9	0.0	0.0
132	p2	0.85	0.0	0.0
132	protein1	580.3	15.45	1.9585596
132	protein2	561.8	16.5	1.9446328
132	protein3	111.8	3.55	2.0562499999999995
132	rnapol	0.2	0.0	0.0
133	__protein1_rbs	9.35	0.0	0.0
133	__protein2_rbs	10.5	0.0	0.0
133	__protein3_rbs	2.1	0.0	0.0
133	__ribosome	31.45	0.0	0.0
133	__rnase_site_ext	15.9	0.0	0.0
133	p0	0.95	0.0	0.0
133	p2	0.55	0.0	0.0
133	protein1	586.95	15.55	1.9286424499999997
133	protein2	568.05	16.8	1.9249805
133	protein3	113.5	3.55	2.0275
133	rnapol	0.2	0.0	0.0
134	__protein1_rbs	9.4	0.0	0.0
134	__protein2_rbs	9.35	0.0	0.0
134	__protein3_rbs	2.4	0.0	0.0
134	__ribosome	31.5	0.0	0.0
134	__rnase_site_ext	15.8	0.0	0.0
134	p0	0.9	0.0	0.0
134	p2	0.55	0.0	0.0
134	protein1	593.3	15.45	1.9438101
134	protein2	575.45	16.55	1.9861729
134	protein3	115.05	3.6	1.94541665
134	rnapol	0.5	0.0	0.0
135	__protein1_rbs	9.9	0.0	0.0
135	__protein2_rbs	10.55	0.0	0.0
135	__protein3_rbs	1.75	0.0	0.0
135	__ribosome	31.25	0.0	0.0
135	__rnase_site_ext	16.0	0.0	0.0
135	p0	0.65	0.0	0.0
135	p2	0.8	0.0	0.0
135	protein1	599.15	15.45	1.9220203
135	protein2	582.25	16.7	1.9421909
135	protein3	116.35	3.6	2.1345833499999998
135	rnapol	0.45	0.0	0.0
136	__protein1_rbs	9.4	0.0	0.0
136	__protein2_rbs	10.0	0.0	0.0
136	__protein3_rbs	2.4	0.0	0.0
136	__ribosome	29.55	0.0	0.0
136	__rnase_site_ext	15.85	0.0	0.0
136	p0	0.9	0.0	0.0
136	p2	0.75	0.0	0.0
136	protein1	604.7	15.45	1.97355465
136	protein2	588.2	16.65	2.0140429499999994
136	protein3	117.8	3.7	2.0795833000000004
136	rnapol	0.55	0.0	0.0
137	__protein1_rbs	9.85	0.0	0.0
137	__protein2_rbs	10.65	0.0	0.0
137	__protein3_rbs	2.25	0.0	0.0
137	__ribosome	30.9	0.0	0.0
137	__rnase_site_ext	16.1	0.0	0.0
137	p0	0.7	0.0	0.0
137	p2	0.65	0.0	0.0
137	protein1	611.25	15.5	1.91836145
137	protein2	595.35	16.65	1.96723125
137	protein3	119.3	3.7	2.01166665
137	rnapol	0.4	0.0	0.0
138	__protein1_rbs	9.75	0.0	0.0
138	__protein2_rbs	9.85	0.0	0.0
138	__protein3_rbs	2.35	0.0	0.0
138	__ribosome	30.75	0.0	0.0
138	__rnase_site_ext	16.25	0.0	0.0
138	p0	0.8	0.0	0.0
138	p2	0.75	0.0	0.0
138	protein1	617.75	15.65	1.9095359
138	protein2	602.5	16.6	1.9866389
138	protein3	121.0	3.8	1.9369048
138	rnapol	0.6	0.0	0.0
139	__protein1_rbs	9.2	0.0	0.0
139	__protein2_rbs	10.7	0.0	0.0
139	__protein3_rbs	2.25	0.0	0.0
139	__ribosome	31.25	0.0	0.0
139	__rnase_site_ext	16.6	0.0	0.0
139	p0	0.7	0.0	0.0
139	p2	0.65	0.0	0.0
139	protein1	624.35	15.8	1.9345137
139	protein2	609.75	16.8	1.8843592000000005
139	protein3	122.6	3.8	1.88928575
139	rnapol	0.4	0.0	0.0
140	__protein1_rbs	10.25	0.0	0.0
140	__protein2_rbs	9.65	0.0	0.0
140	__protein3_rbs	2.35	0.0	0.0
140	__ribosome	30.0	0.0	0.0
140	__rnase_site_ext	16.6	0.0	0.0
140	p0	0.8	0.0	0.0
140	p2	0.9	0.0	0.0
140	protein1	630.85	16.1	1.8855493
140	protein2	615.6	16.85	1.9943939
140	protein3	124.2	3.9	1.7731548
140	rnapol	0.5	0.0	0.0
141	__protein1_rbs	9.0	0.0	0.0
141	__protein2_rbs	10.65	0.0	0.0
141	__protein3_rbs	2.15	0.0	0.0
141	__ribosome	29.3	0.0	0.0
141	__rnase_site_ext	16.75	0.0	0.0
141	p0	0.85	0.0	0.0
141	p2	0.75	0.0	0.0
141	protein1	636.95	16.2	1.95572225
141	protein2	622.65	16.65	1.97657885
141	protein3	125.75	3.85	1.94057545
141	rnapol	0.35	0.0	0.0
142	__protein1_rbs	10.55	0.0	0.0
142	__protein2_rbs	10.6	0.0	0.0
142	__protein3_rbs	2.45	0.0	0.0
142	__ribosome	29.3	0.0	0.0
142	__rnase_site_ext	16.55	0.0	0.0
142	p0	0.75	0.0	0.0
142	p2	0.9	0.0	0.0
142	protein1	642.95	16.35	1.94344015
142	protein2	629.7	16.65	1.9530392000000003
142	protein3	127.1	3.9	1.97013885
142	rnapol	0.45	0.0	0.0
143	__protein1_rbs	10.2	0.0	0.0
143	__protein2_rbs	11.0	0.0	0.0
143	__protein3_rbs	2.65	0.0	0.0
143	__ribosome	30.9	0.0	0.0
143	__rnase_site_ext	16.7	0.0	0.0
143	p0	0.85	0.0	0.0
143	p2	0.7	0.0	0.0
143	protein1	649.65	16.35	1.93548635
143	protein2	636.8	16.7	1.8655741000000001
143	protein3	128.65	3.95	1.84103175
143	rnapol	0.35	0.0	0.0
144	__protein1_rbs	10.25	0.0	0.0
144	__protein2_rbs	10.2	0.0	0.0
144	__protein3_rbs	2.4	0.0	0.0
144	__ribosome	30.25	0.0	0.0
144	__rnase_site_ext	16.75	0.0	0.0
144	p0	0.9	0.0	0.0
144	p2	0.7	0.0	0.0
144	protein1	656.3	16.3	1.9399315
144	protein2	643.25	16.7	1.9013388
144	protein3	130.25	4.0	1.880754
144	rnapol	0.45	0.0	0.0
145	__protein1_rbs	9.4	0.0	0.0
145	__protein2_rbs	10.95	0.0	0.0
145	__protein3_rbs	2.45	0.0	0.0
145	__ribosome	29.75	0.0	0.0
145	__rnase_site_ext	16.65	0.0	0.0
145	p0	0.7	0.0	0.0
145	p2	0.85	0.0	0.0
145	protein1	662.75	16.4	2.0055919500000003
145	protein2	650.45	16.9	1.8169965
145	protein3	131.8	3.9	1.90777775
145	rnapol	0.3	0.0	0.0
146	__protein1_rbs	9.9	0.0	0.0
146	__protein2_rbs	10.05	0.0	0.0
146	__protein3_rbs	2.7	0.0	0.0
146	__ribosome	30.0	0.0	0.0
146	__rnase_site_ext	16.75	0.0	0.0
146	p0	0.85	0.0	0.0
146	p2	0.85	0.0	0.0
146	protein1	670.1	16.3	1.9728392499999996
146	protein2	657.25	16.95	1.85284125
146	protein3	133.25	3.95	1.7835317500000003
146	rnapol	0.4	0.0	0.0
147	__protein1_rbs	9.95	0.0	0.0
147	__protein2_rbs	10.4	0.0	0.0
147	__protein3_rbs	2.85	0.0	0.0
147	__ribosome	29.9	0.0	0.0
147	__rnase_site_ext	16.85	0.0	0.0
147	p0	0.95	0.0	0.0
147	p2	0.8	0.0	0.0
147	protein1	676.95	16.25	1.9646935500000005
147	protein2	663.7	16.95	1.8834255000000002
147	protein3	134.7	4.0	1.75119045
147	rnapol	0.3	0.0	0.0
148	__protein1_rbs	10.75	0.0	0.0
148	__protein2_rbs	10.3	0.0	0.0
148	__protein3_rbs	2.35	0.0	0.0
148	__ribosome	28.7	0.0	0.0
148	__rnase_site_ext	17.05	0.0	0.0
148	p0	0.65	0.0	0.0
148	p2	0.85	0.0	0.0
148	protein1	682.9	16.45	1.97257855
148	protein2	670.05	17.0	1.9151598
148	protein3	136.15	4.05	1.81277775
148	rnapol	0.2	0.0	0.0
149	__protein1_rbs	10.6	0.0	0.0
149	__protein2_rbs	9.9	0.0	0.0
149	__protein3_rbs	2.75	0.0	0.0
149	__ribosome	28.6	0.0	0.0
149	__rnase_site_ext	17.15	0.0	0.0
149	p0	0.9	0.0	0.0
149	p2	0.55	0.0	0.0
149	protein1	689.95	16.55	1.9218254000000001
149	protein2	676.6	17.1	1.95653375
149	protein3	138.2	4.1	1.7355159
149	rnapol	0.25	0.0	0.0
150	__protein1_rbs	10.35	0.0	0.0
150	__protein2_rbs	11.05	0.0	0.0
150	__protein3_rbs	2.65	0.0	0.0
150	__ribosome	28.5	0.0	0.0
150	__rnase_site_ext	16.9	0.0	0.0
150	p0	0.85	0.0	0.0
150	p2	0.65	0.0	0.0
150	protein1	697.0	16.65	1.9008215
150	protein2	683.1	17.1	1.9520283999999999
150	protein3	139.4	4.15	1.8765476500000005
150	rnapol	0.35	0.0	0.0
151	__protein1_rbs	10.4	0.0	0.0
151	__protein2_rbs	10.75	0.0	0.0
151	__protein3_rbs	2.6	0.0	0.0
151	__ribosome	28.35	0.0	0.0
151	__rnase_site_ext	16.9	0.0	0.0
151	p0	0.75	0.0	0.0
151	p2	0.8	0.0	0.0
151	protein1	703.05	16.45	1.9410788
151	protein2	690.2	17.2	1.9354477
151	protein3	140.9	4.05	1.93672615
151	rnapol	0.4	0.0	0.0
152	__protein1_rbs	11.45	0.0	0.0
152	__protein2_rbs	11.2	0.0	0.0
152	__protein3_rbs	2.15	0.0	0.0
152	__ribosome	29.95	0.0	0.0
152	__rnase_site_ext	17.1	0.0	0.0
152	p0	0.9	0.0	0.0
152	p2	0.6	0.0	0.0
152	protein1	710.4	16.4	1.8343948
152	protein2	697.0	17.3	1.89280045
152	protein3	142.3	4.05	1.9914881
152	rnapol	0.5	0.0	0.0
153	__protein1_rbs	10.3	0.0	0.0
153	__protein2_rbs	10.8	0.0	0.0
153	__protein3_rbs	2.15	0.0	0.0
153	__ribosome	29.7	0.0	0.0
153	__rnase_site_ext	17.1	0.0	0.0
153	p0	0.65	0.0	0.0
153	p2	0.65	0.0	0.0
153	protein1	716.6	16.6	1.85475595
153	protein2	704.35	17.4	1.8605476
153	protein3	144.15	4.05	1.97845235
153	rnapol	0.45	0.0	0.0
154	__protein1_rbs	9.55	0.0	0.0
154	__protein2_rbs	10.65	0.0	0.0
154	__protein3_rbs	2.6	0.0	0.0
154	__ribosome	28.65	0.0	0.0
154	__rnase_site_ext	17.1	0.0	0.0
154	p0	0.85	0.0	0.0
154	p2	0.8	0.0	0.0
154	protein1	723.15	16.55	1.92689735
154	protein2	711.75	17.6	1.83402555
154	protein3	145.7	4.1	1.9408729500000004
154	rnapol	0.6	0.0	0.0
155	__protein1_rbs	10.05	0.0	0.0
155	__protein2_rbs	11.25	0.0	0.0
155	__protein3_rbs	2.75	0.0	0.0
155	__ribosome	29.0	0.0	0.0
155	__rnase_site_ext	17.15	0.0	0.0
155	p0	0.7	0.0	0.0
155	p2	0.85	0.0	0.0
155	protein1	730.2	16.7	1.8820597500000005
155	protein2	718.3	17.75	1.851016
155	protein3	147.4	4.15	1.7911508000000005
155	rnapol	0.5	0.0	0.0
156	__protein1_rbs	10.85	0.0	0.0
156	__protein2_rbs	10.9	0.0	0.0
156	__protein3_rbs	2.8	0.0	0.0
156	__ribosome	28.15	0.0	0.0
156	__rnase_site_ext	17.4	0.0	0.0
156	p0	0.8	0.0	0.0
156	p2	0.8	0.0	0.0
156	protein1	736.35	16.7	1.8883251999999997
156	protein2	725.5	17.9	1.88743525
156	protein3	148.85	4.25	1.7675793499999997
156	rnapol	0.25	0.0	0.0
157	__protein1_rbs	10.6	0.0	0.0
157	__protein2_rbs	11.4	0.0	0.0
157	__protein3_rbs	2.7	0.0	0.0
157	__ribosome	26.55	0.0	0.0
157	__rnase_site_ext	17.5	0.0	0.0
157	p0	0.8	0.0	0.0
157	p2	0.7	0.0	0.0
157	protein1	742.2	16.8	1.9101837000000004
157	protein2	731.3	17.85	1.9441114
157	protein3	150.65	4.2	1.7700794000000002
157	rnapol	0.2	0.0	0.0
158	__protein1_rbs	10.2	0.0	0.0
158	__protein2_rbs	11.0	0.0	0.0
158	__protein3_rbs	2.65	0.0	0.0
158	__ribosome	27.1	0.0	0.0
158	__rnase_site_ext	17.6	0.0	0.0
158	p0	0.75	0.0	0.0
158	p2	0.9	0.0	0.0
158	protein1	749.6	17.0	1.8660347500000003
158	protein2	738.9	17.8	1.9296783
158	protein3	152.3	4.25	1.7439285999999998
158	rnapol	0.25	0.0	0.0
159	__protein1_rbs	11.1	0.0	0.0
159	__protein2_rbs	11.15	0.0	0.0
159	__protein3_rbs	2.8	0.0	0.0
159	__ribosome	27.8	0.0	0.0
159	__rnase_site_ext	17.85	0.0	0.0
159	p0	0.85	0.0	0.0
159	p2	0.7	0.0	0.0
159	protein1	756.95	17.3	1.8123826500000004
159	protein2	746.1	17.7	1.93393165
159	protein3	154.2	4.25	1.6955158500000005
159	rnapol	0.25	0.0	0.0
160	__protein1_rbs	10.15	0.0	0.0
160	__protein2_rbs	11.35	0.0	0.0
160	__protein3_rbs	2.65	0.0	0.0
160	__ribosome	26.5	0.0	0.0
160	__rnase_site_ext	17.85	0.0	0.0
160	p0	0.85	0.0	0.0
160	p2	0.75	0.0	0.0
160	protein1	763.1	17.35	1.9006935500000004
160	protein2	753.65	17.8	1.8760945499999997
160	protein3	155.45	4.15	1.8755158999999997
160	rnapol	0.4	0.0	0.0
161	__protein1_rbs	10.7	0.0	0.0
161	__protein2_rbs	11.55	0.0	0.0
161	__protein3_rbs	2.35	0.0	0.0
161	__ribosome	26.85	0.0	0.0
161	__rnase_site_ext	17.75	0.0	0.0
161	p0	0.9	0.0	0.0
161	p2	0.55	0.0	0.0
161	protein1	769.6	17.4	1.92019525
161	protein2	761.25	17.8	1.82919245
161	protein3	156.95	4.05	2.07543655
161	rnapol	0.4	0.0	0.0
162	__protein1_rbs	10.4	0.0	0.0
162	__protein2_rbs	11.6	0.0	0.0
162	__protein3_rbs	2.5	0.0	0.0
162	__ribosome	26.8	0.0	0.0
162	__rnase_site_ext	17.9	0.0	0.0
162	p0	0.75	0.0	0.0
162	p2	0.75	0.0	0.0
162	protein1	776.55	17.3	1.9366457
162	protein2	768.0	18.05	1.8191477999999999
162	protein3	158.95	4.05	2.0084127
162	rnapol	0.3	0.0	0.0
163	__protein1_rbs	11.05	0.0	0.0
163	__protein2_rbs	11.65	0.0	0.0
163	__protein3_rbs	2.35	0.0	0.0
163	__ribosome	27.3	0.0	0.0
163	__rnase_site_ext	17.9	0.0	0.0
163	p0	0.9	0.0	0.0
163	p2	0.85	0.0	0.0
163	protein1	783.9	17.35	1.90056365
163	protein2	775.1	18.2	1.7878903999999998
163	protein3	160.3	4.05	2.1144048
163	rnapol	0.35	0.0	0.0
164	__protein1_rbs	10.95	0.0	0.0
164	__protein2_rbs	11.85	0.0	0.0
164	__protein3_rbs	2.8	0.0	0.0
164	__ribosome	28.3	0.0	0.0
164	__rnase_site_ext	17.75	0.0	0.0
164	p0	0.75	0.0	0.0
164	p2	0.65	0.0	0.0
164	protein1	791.05	17.15	1.9075295
164	protein2	782.4	18.25	1.7718702500000003
164	protein3	162.25	4.15	1.94099205
164	rnapol	0.2	0.0	0.0
165	__protein1_rbs	11.05	0.0	0.0
165	__protein2_rbs	11.75	0.0	0.0
165	__protein3_rbs	2.4	0.0	0.0
165	__ribosome	27.75	0.0	0.0
165	__rnase_site_ext	17.75	0.0	0.0
165	p0	0.75	0.0	0.0
165	p2	0.9	0.0	0.0
165	protein1	798.1	17.2	1.8987097
165	protein2	789.0	18.4	1.7687548
165	protein3	163.85	4.2	1.959246
165	rnapol	0.2	0.0	0.0
166	__protein1_rbs	10.25	0.0	0.0
166	__protein2_rbs	11.4	0.0	0.0
166	__protein3_rbs	2.8	0.0	0.0
166	__ribosome	28.05	0.0	0.0
166	__rnase_site_ext	17.7	0.0	0.0
166	p0	0.95	0.0	0.0
166	p2	0.55	0.0	0.0
166	protein1	805.2	17.15	1.9088102
166	protein2	796.6	18.6	1.7527211499999995
166	protein3	165.65	4.2	1.88087295
166	rnapol	0.15	0.0	0.0
167	__protein1_rbs	10.5	0.0	0.0
167	__protein2_rbs	12.4	0.0	0.0
167	__protein3_rbs	2.6	0.0	0.0
167	__ribosome	28.05	0.0	0.0
167	__rnase_site_ext	17.5	0.0	0.0
167	p0	0.9	0.0	0.0
167	p2	0.7	0.0	0.0
167	protein1	812.65	17.15	1.90390075
167	protein2	803.4	18.3	1.76955375
167	protein3	167.15	4.3	1.85357145
167	rnapol	0.3	0.0	0.0
168	__protein1_rbs	10.75	0.0	0.0
168	__protein2_rbs	11.65	0.0	0.0
168	__protein3_rbs	2.65	0.0	0.0
168	__ribosome	26.7	0.0	0.0
168	__rnase_site_ext	17.55	0.0	0.0
168	p0	0.75	0.0	0.0
168	p2	0.85	0.0	0.0
168	protein1	819.1	16.95	1.92621725
168	protein2	810.05	18.5	1.7988132999999995
168	protein3	168.8	4.25	1.95138885
168	rnapol	0.35	0.0	0.0
169	__protein1_rbs	10.7	0.0	0.0
169	__protein2_rbs	10.8	0.0	0.0
169	__protein3_rbs	3.0	0.0	0.0
169	__ribosome	26.9	0.0	0.0
169	__rnase_site_ext	17.55	0.0	0.0
169	p0	0.85	0.0	0.0
169	p2	0.9	0.0	0.0
169	protein1	826.45	16.9	1.88737555
169	protein2	816.9	18.25	1.88068545
169	protein3	170.45	4.4	1.8135715
169	rnapol	0.45	0.0	0.0
170	__protein1_rbs	10.9	0.0	0.0
170	__protein2_rbs	10.95	0.0	0.0
170	__protein3_rbs	2.95	0.0	0.0
170	__ribosome	27.4	0.0	0.0
170	__rnase_site_ext	17.8	0.0	0.0
170	p0	0.75	0.0	0.0
170	p2	0.6	0.0	0.0
170	protein1	833.4	16.95	1.84502705
170	protein2	824.6	18.2	1.87230485
170	protein3	172.15	4.55	1.74063495
170	rnapol	0.5	0.0	0.0
171	__protein1_rbs	10.6	0.0	0.0
171	__protein2_rbs	11.65	0.0	0.0
171	__protein3_rbs	3.1	0.0	0.0
171	__ribosome	27.6	0.0	0.0
171	__rnase_site_ext	17.95	0.0	0.0
171	p0	0.9	0.0	0.0
171	p2	0.65	0.0	0.0
171	protein1	840.9	17.1	1.79933455
171	protein2	831.35	18.4	1.87140835
171	protein3	173.9	4.55	1.69043655
171	rnapol	0.6	0.0	0.0
172	__protein1_rbs	10.6	0.0	0.0
172	__protein2_rbs	12.35	0.0	0.0
172	__protein3_rbs	2.4	0.0	0.0
172	__ribosome	27.3	0.0	0.0
172	__rnase_site_ext	18.0	0.0	0.0
172	p0	0.7	0.0	0.0
172	p2	0.7	0.0	0.0
172	protein1	847.7	17.35	1.7903176500000004
172	protein2	838.6	18.45	1.84021845
172	protein3	175.7	4.5	1.8255158500000004
172	rnapol	0.6	0.0	0.0
173	__protein1_rbs	11.85	0.0	0.0
173	__protein2_rbs	11.35	0.0	0.0
173	__protein3_rbs	2.9	0.0	0.0
173	__ribosome	26.25	0.0	0.0
173	__rnase_site_ext	18.25	0.0	0.0
173	p0	0.7	0.0	0.0
173	p2	0.85	0.0	0.0
173	protein1	853.9	17.45	1.7910034000000004
173	protein2	845.75	18.45	1.88943035
173	protein3	177.35	4.6	1.8737103
173	rnapol	0.5	0.0	0.0
174	__protein1_rbs	11.05	0.0	0.0
174	__protein2_rbs	12.25	0.0	0.0
174	__protein3_rbs	2.55	0.0	0.0
174	__ribosome	26.1	0.0	0.0
174	__rnase_site_ext	18.3	0.0	0.0
174	p0	0.85	0.0	0.0
174	p2	0.9	0.0	0.0
174	protein1	860.65	17.6	1.80805765
174	protein2	853.45	18.6	1.838782
174	protein3	179.0	4.6	2.01718255
174	rnapol	0.4	0.0	0.0
175	__protein1_rbs	11.1	0.0	0.0
175	__protein2_rbs	12.2	0.0	0.0
175	__protein3_rbs	3.25	0.0	0.0
175	__ribosome	25.9	0.0	0.0
175	__rnase_site_ext	18.6	0.0	0.0
175	p0	0.75	0.0	0.0
175	p2	0.65	0.0	0.0
175	protein1	866.95	17.7	1.8274825500000005
175	protein2	861.0	18.55	1.83055745
175	protein3	180.7	4.65	2.0044246500000003
175	rnapol	0.4	0.0	0.0
176	__protein1_rbs	11.35	0.0	0.0
176	__protein2_rbs	10.95	0.0	0.0
176	__protein3_rbs	3.2	0.0	0.0
176	__ribosome	25.45	0.0	0.0
176	__rnase_site_ext	18.6	0.0	0.0
176	p0	0.6	0.0	0.0
176	p2	0.85	0.0	0.0
176	protein1	874.6	17.85	1.7610619999999997
176	protein2	868.1	18.55	1.9015221000000002
176	protein3	182.6	4.65	1.9645636000000002
176	rnapol	0.25	0.0	0.0
177	__protein1_rbs	11.7	0.0	0.0
177	__protein2_rbs	11.1	0.0	0.0
177	__protein3_rbs	3.3	0.0	0.0
177	__ribosome	25.7	0.0	0.0
177	__rnase_site_ext	18.6	0.0	0.0
177	p0	0.9	0.0	0.0
177	p2	0.85	0.0	0.0
177	protein1	881.2	17.8	1.7505958999999998
177	protein2	875.05	18.5	1.93789535
177	protein3	184.75	4.65	1.87343255
177	rnapol	0.25	0.0	0.0
178	__protein1_rbs	11.3	0.0	0.0
178	__protein2_rbs	11.95	0.0	0.0
178	__protein3_rbs	3.0	0.0	0.0
178	__ribosome	25.4	0.0	0.0
178	__rnase_site_ext	18.4	0.0	0.0
178	p0	0.85	0.0	0.0
178	p2	0.75	0.0	0.0
178	protein1	887.5	18.05	1.7899376499999995
178	protein2	882.9	18.5	1.89344665
178	protein3	186.65	4.55	1.84130955
178	rnapol	0.25	0.0	0.0
179	__protein1_rbs	11.35	0.0	0.0
179	__protein2_rbs	11.8	0.0	0.0
179	__protein3_rbs	2.65	0.0	0.0
179	__ribosome	25.1	0.0	0.0
179	__rnase_site_ext	18.35	0.0	0.0
179	p0	0.9	0.0	0.0
179	p2	0.85	0.0	0.0
179	protein1	894.9	17.85	1.8141828500000003
179	protein2	889.7	18.5	1.9164047999999998
179	protein3	188.7	4.6	1.8396429
179	rnapol	0.45	0.0	0.0
180	__protein1_rbs	11.7	0.0	0.0
180	__protein2_rbs	12.2	0.0	0.0
180	__protein3_rbs	2.8	0.0	0.0
180	__ribosome	25.1	0.0	0.0
180	__rnase_site_ext	18.55	0.0	0.0
180	p0	0.75	0.0	0.0
180	p2	0.95	0.0	0.0
180	protein1	901.4	17.85	1.8578032
180	protein2	897.95	18.6	1.8516206500000003
180	protein3	190.3	4.65	1.8939286
180	rnapol	0.3	0.0	0.0
181	__protein1_rbs	11.55	0.0	0.0
181	__protein2_rbs	13.2	0.0	0.0
181	__protein3_rbs	2.95	0.0	0.0
181	__ribosome	27.0	0.0	0.0
181	__rnase_site_ext	18.6	0.0	0.0
181	p0	0.85	0.0	0.0
181	p2	0.6	0.0	0.0
181	protein1	908.85	17.9	1.8206165
181	protein2	905.65	18.8	1.7591991999999999
181	protein3	192.2	4.65	1.81634925
181	rnapol	0.2	0.0	0.0
182	__protein1_rbs	11.85	0.0	0.0
182	__protein2_rbs	12.1	0.0	0.0
182	__protein3_rbs	3.0	0.0	0.0
182	__ribosome	27.15	0.0	0.0
182	__rnase_site_ext	18.6	0.0	0.0
182	p0	0.9	0.0	0.0
182	p2	0.75	0.0	0.0
182	protein1	915.5	17.95	1.81995465
182	protein2	913.4	18.9	1.7213029999999998
182	protein3	193.8	4.6	1.91585325
182	rnapol	0.5	0.0	0.0
183	__protein1_rbs	11.05	0.0	0.0
183	__protein2_rbs	12.1	0.0	0.0
183	__protein3_rbs	2.85	0.0	0.0
183	__ribosome	25.9	0.0	0.0
183	__rnase_site_ext	18.7	0.0	0.0
183	p0	0.85	0.0	0.0
183	p2	0.8	0.0	0.0
183	protein1	922.85	18.0	1.85034105
183	protein2	921.05	18.9	1.7346639
183	protein3	195.55	4.6	1.94944445
183	rnapol	0.4	0.0	0.0
184	__protein1_rbs	11.75	0.0	0.0
184	__protein2_rbs	12.15	0.0	0.0
184	__protein3_rbs	2.9	0.0	0.0
184	__ribosome	26.6	0.0	0.0
184	__rnase_site_ext	18.85	0.0	0.0
184	p0	0.9	0.0	0.0
184	p2	0.65	0.0	0.0
184	protein1	930.35	18.0	1.7930946
184	protein2	928.05	19.0	1.7478088999999997
184	protein3	197.7	4.45	1.9429167000000005
184	rnapol	0.3	0.0	0.0
185	__protein1_rbs	12.25	0.0	0.0
185	__protein2_rbs	11.4	0.0	0.0
185	__protein3_rbs	2.65	0.0	0.0
185	__ribosome	24.7	0.0	0.0
185	__rnase_site_ext	18.7	0.0	0.0
185	p0	0.9	0.0	0.0
185	p2	0.85	0.0	0.0
185	protein1	936.75	18.2	1.7755073000000001
185	protein2	934.7	19.15	1.8160624000000003
185	protein3	199.4	4.35	2.0860714
185	rnapol	0.6	0.0	0.0
186	__protein1_rbs	11.45	0.0	0.0
186	__protein2_rbs	12.05	0.0	0.0
186	__protein3_rbs	3.15	0.0	0.0
186	__ribosome	24.9	0.0	0.0
186	__rnase_site_ext	18.8	0.0	0.0
186	p0	0.75	0.0	0.0
186	p2	0.5	0.0	0.0
186	protein1	943.8	18.1	1.80238655
186	protein2	942.5	19.3	1.81006305
186	protein3	201.5	4.45	1.8792262
186	rnapol	0.4	0.0	0.0
187	__protein1_rbs	11.55	0.0	0.0
187	__protein2_rbs	12.85	0.0	0.0
187	__protein3_rbs	3.1	0.0	0.0
187	__ribosome	25.7	0.0	0.0
187	__rnase_site_ext	18.9	0.0	0.0
187	p0	0.65	0.0	0.0
187	p2	0.75	0.0	0.0
187	protein1	951.05	18.15	1.7770407
187	protein2	949.4	19.25	1.8153884500000004
187	protein3	203.65	4.5	1.7553571
187	rnapol	0.4	0.0	0.0
188	__protein1_rbs	11.85	0.0	0.0
188	__protein2_rbs	12.45	0.0	0.0
188	__protein3_rbs	2.8	0.0	0.0
188	__ribosome	25.9	0.0	0.0
188	__rnase_site_ext	19.1	0.0	0.0
188	p0	0.95	0.0	0.0
188	p2	0.7	0.0	0.0
188	protein1	958.65	18.3	1.7538196000000004
188	protein2	957.2	19.3	1.78911825
188	protein3	205.15	4.55	1.85505955
188	rnapol	0.55	0.0	0.0
189	__protein1_rbs	11.65	0.0	0.0
189	__protein2_rbs	12.55	0.0	0.0
189	__protein3_rbs	2.85	0.0	0.0
189	__ribosome	25.6	0.0	0.0
189	__rnase_site_ext	19.15	0.0	0.0
189	p0	0.75	0.0	0.0
189	p2	0.65	0.0	0.0
189	protein1	965.8	18.5	1.75992425
189	protein2	964.8	19.35	1.7959717500000003
189	protein3	207.3	4.5	1.85880955
189	rnapol	0.5	0.0	0.0
190	__protein1_rbs	12.4	0.0	0.0
190	__protein2_rbs	13.05	0.0	0.0
190	__protein3_rbs	2.85	0.0	0.0
190	__ribosome	26.45	0.0	0.0
190	__rnase_site_ext	19.05	0.0	0.0
190	p0	0.8	0.0	0.0
190	p2	0.9	0.0	0.0
190	protein1	972.25	18.5	1.7553804500000003
190	protein2	972.95	19.55	1.7171085500000005
190	protein3	209.0	4.5	1.99392855
190	rnapol	0.55	0.0	0.0
191	__protein1_rbs	12.2	0.0	0.0
191	__protein2_rbs	12.55	0.0	0.0
191	__protein3_rbs	2.7	0.0	0.0
191	__ribosome	25.4	0.0	0.0
191	__rnase_site_ext	19.35	0.0	0.0
191	p0	0.7	0.0	0.0
191	p2	0.8	0.0	0.0
191	protein1	979.0	18.45	1.7824366000000003
191	protein2	980.05	19.35	1.76579005
191	protein3	210.7	4.55	2.03154765
191	rnapol	0.45	0.0	0.0
192	__protein1_rbs	12.15	0.0	0.0
192	__protein2_rbs	13.65	0.0	0.0
192	__protein3_rbs	2.9	0.0	0.0
192	__ribosome	27.15	0.0	0.0
192	__rnase_site_ext	19.3	0.0	0.0
192	p0	0.75	0.0	0.0
192	p2	1.0	0.0	0.0
192	protein1	986.5	18.8	1.7335661500000004
192	protein2	987.8	19.35	1.7003897
192	protein3	212.35	4.6	1.91625
192	rnapol	0.4	0.0	0.0
193	__protein1_rbs	11.9	0.0	0.0
193	__protein2_rbs	11.85	0.0	0.0
193	__protein3_rbs	2.4	0.0	0.0
193	__ribosome	25.5	0.0	0.0
193	__rnase_site_ext	19.35	0.0	0.0
193	p0	0.8	0.0	0.0
193	p2	0.7	0.0	0.0
193	protein1	994.1	18.7	1.7200687
193	protein2	994.75	19.25	1.7911243000000001
193	protein3	214.15	4.55	2.0299405
193	rnapol	0.3	0.0	0.0
194	__protein1_rbs	12.7	0.0	0.0
194	__protein2_rbs	12.4	0.0	0.0
194	__protein3_rbs	3.45	0.0	0.0
194	__ribosome	26.4	0.0	0.0
194	__rnase_site_ext	19.4	0.0	0.0
194	p0	0.75	0.0	0.0
194	p2	0.65	0.0	0.0
194	protein1	1001.0	18.7	1.7192213500000002
194	protein2	1002.35	19.3	1.78578535
194	protein3	215.95	4.55	1.83684525
194	rnapol	0.3	0.0	0.0
195	__protein1_rbs	12.85	0.0	0.0
195	__protein2_rbs	12.2	0.0	0.0
195	__protein3_rbs	2.7	0.0	0.0
195	__ribosome	26.7	0.0	0.0
195	__rnase_site_ext	19.45	0.0	0.0
195	p0	0.9	0.0	0.0
195	p2	0.6	0.0	0.0
195	protein1	1008.3	18.85	1.68337755
195	protein2	1010.2	19.5	1.757969
195	protein3	217.8	4.55	1.82541665
195	rnapol	0.4	0.0	0.0
196	__protein1_rbs	12.0	0.0	0.0
196	__protein2_rbs	13.0	0.0	0.0
196	__protein3_rbs	3.2	0.0	0.0
196	__ribosome	26.9	0.0	0.0
196	__rnase_site_ext	19.35	0.0	0.0
196	p0	0.75	0.0	0.0
196	p2	0.85	0.0	0.0
196	protein1	1015.2	18.8	1.70917965
196	protein2	1017.8	19.35	1.7385355500000004
196	protein3	219.3	4.4	1.8902381000000001
196	rnapol	0.5	0.0	0.0
197	__protein1_rbs	12.75	0.0	0.0
197	__protein2_rbs	12.95	0.0	0.0
197	__protein3_rbs	3.0	0.0	0.0
197	__ribosome	27.0	0.0	0.0
197	__rnase_site_ext	19.4	0.0	0.0
197	p0	0.85	0.0	0.0
197	p2	0.85	0.0	0.0
197	protein1	1021.7	18.85	1.7541805500000005
197	protein2	1025.0	19.4	1.7158654999999998
197	protein3	221.7	4.3	1.7028572
197	rnapol	0.4	0.0	0.0
198	__protein1_rbs	12.1	0.0	0.0
198	__protein2_rbs	11.85	0.0	0.0
198	__protein3_rbs	3.1	0.0	0.0
198	__ribosome	26.35	0.0	0.0
198	__rnase_site_ext	19.45	0.0	0.0
198	p0	0.75	0.0	0.0
198	p2	0.95	0.0	0.0
198	protein1	1029.3	18.85	1.74740885
198	protein2	1032.5	19.65	1.7540262499999997
198	protein3	223.4	4.4	1.6578571
198	rnapol	0.25	0.0	0.0
199	__protein1_rbs	12.55	0.0	0.0
199	__protein2_rbs	13.6	0.0	0.0
199	__protein3_rbs	2.85	0.0	0.0
199	__ribosome	27.1	0.0	0.0
199	__rnase_site_ext	19.3	0.0	0.0
199	p0	0.95	0.0	0.0
199	p2	0.55	0.0	0.0
199	protein1	1036.8	18.9	1.7225001
199	protein2	1040.3	19.95	1.6971595999999998
199	protein3	224.85	4.4	1.60750005
199	rnapol	0.2	0.0	0.0
200	__protein1_rbs	12.25	0.0	0.0
200	__protein2_rbs	12.7	0.0	0.0
200	__protein3_rbs	2.8	0.0	0.0
200	__ribosome	26.05	0.0	0.0
200	__rnase_site_ext	19.2	0.0	0.0
200	p0	0.95	0.0	0.0
200	p2	0.75	0.0	0.0
200	protein1	1043.8	18.8	1.7547368499999998
200	protein2	1047.75	20.0	1.7153732000000002
200	protein3	226.6	4.45	1.6815475999999996
200	rnapol	0.45	0.0	0.0
201	__protein1_rbs	11.6	0.0	0.0
201	__protein2_rbs	13.35	0.0	0.0
201	__protein3_rbs	2.95	0.0	0.0
201	__ribosome	25.3	0.0	0.0
201	__rnase_site_ext	19.35	0.0	0.0
201	p0	0.9	0.0	0.0
201	p2	0.9	0.0	0.0
201	protein1	1051.4	18.65	1.7627120499999998
201	protein2	1055.05	20.1	1.7299141499999997
201	protein3	227.8	4.4	1.8261905000000005
201	rnapol	0.35	0.0	0.0
202	__protein1_rbs	12.15	0.0	0.0
202	__protein2_rbs	13.25	0.0	0.0
202	__protein3_rbs	2.7	0.0	0.0
202	__ribosome	24.05	0.0	0.0
202	__rnase_site_ext	19.35	0.0	0.0
202	p0	0.8	0.0	0.0
202	p2	0.65	0.0	0.0
202	protein1	1058.6	18.8	1.7769860999999996
202	protein2	1062.1	20.15	1.7697428999999996
202	protein3	229.55	4.45	1.7980953000000004
202	rnapol	0.2	0.0	0.0
203	__protein1_rbs	12.35	0.0	0.0
203	__protein2_rbs	12.6	0.0	0.0
203	__protein3_rbs	3.15	0.0	0.0
203	__ribosome	25.25	0.0	0.0
203	__rnase_site_ext	19.6	0.0	0.0
203	p0	0.65	0.0	0.0
203	p2	0.65	0.0	0.0
203	protein1	1065.75	18.75	1.75744895
203	protein2	1070.95	20.35	1.73266135
203	protein3	231.35	4.5	1.8179761
203	rnapol	0.4	0.0	0.0
204	__protein1_rbs	12.8	0.0	0.0
204	__protein2_rbs	13.4	0.0	0.0
204	__protein3_rbs	3.05	0.0	0.0
204	__ribosome	24.6	0.0	0.0
204	__rnase_site_ext	19.6	0.0	0.0
204	p0	0.75	0.0	0.0
204	p2	0.85	0.0	0.0
204	protein1	1072.7	19.0	1.73470805
204	protein2	1077.75	20.15	1.7858375000000006
204	protein3	233.15	4.5	1.7130951999999997
204	rnapol	0.4	0.0	0.0
205	__protein1_rbs	12.15	0.0	0.0
205	__protein2_rbs	13.25	0.0	0.0
205	__protein3_rbs	2.65	0.0	0.0
205	__ribosome	24.8	0.0	0.0
205	__rnase_site_ext	19.45	0.0	0.0
205	p0	0.9	0.0	0.0
205	p2	0.7	0.0	0.0
205	protein1	1080.4	19.1	1.73624765
205	protein2	1085.95	20.3	1.7459996500000003
205	protein3	234.9	4.5	1.724881
205	rnapol	0.45	0.0	0.0
206	__protein1_rbs	12.7	0.0	0.0
206	__protein2_rbs	13.9	0.0	0.0
206	__protein3_rbs	2.9	0.0	0.0
206	__ribosome	24.9	0.0	0.0
206	__rnase_site_ext	19.45	0.0	0.0
206	p0	0.9	0.0	0.0
206	p2	0.7	0.0	0.0
206	protein1	1087.7	19.05	1.7300196
206	protein2	1093.75	20.35	1.7300838500000002
206	protein3	236.35	4.55	1.7290476500000005
206	rnapol	0.4	0.0	0.0
207	__protein1_rbs	12.65	0.0	0.0
207	__protein2_rbs	13.9	0.0	0.0
207	__protein3_rbs	3.25	0.0	0.0
207	__ribosome	26.0	0.0	0.0
207	__rnase_site_ext	19.4	0.0	0.0
207	p0	0.75	0.0	0.0
207	p2	0.8	0.0	0.0
207	protein1	1094.95	19.05	1.7229808999999998
207	protein2	1101.85	20.25	1.70633015
207	protein3	238.1	4.55	1.7855953000000002
207	rnapol	0.35	0.0	0.0
208	__protein1_rbs	12.55	0.0	0.0
208	__protein2_rbs	13.1	0.0	0.0
208	__protein3_rbs	3.05	0.0	0.0
208	__ribosome	24.65	0.0	0.0
208	__rnase_site_ext	19.65	0.0	0.0
208	p0	0.8	0.0	0.0
208	p2	0.7	0.0	0.0
208	protein1	1102.05	18.9	1.75456875
208	protein2	1109.5	20.2	1.7308712499999994
208	protein3	239.5	4.6	1.9116667
208	rnapol	0.25	0.0	0.0
209	__protein1_rbs	12.85	0.0	0.0
209	__protein2_rbs	12.95	0.0	0.0
209	__protein3_rbs	2.85	0.0	0.0
209	__ribosome	26.05	0.0	0.0
209	__rnase_site_ext	19.45	0.0	0.0
209	p0	0.85	0.0	0.0
209	p2	0.65	0.0	0.0
209	protein1	1110.25	19.15	1.67224715
209	protein2	1118.1	20.15	1.7210227000000002
209	protein3	241.5	4.65	1.8844048
209	rnapol	0.35	0.0	0.0
210	__protein1_rbs	11.65	0.0	0.0
210	__protein2_rbs	13.4	0.0	0.0
210	__protein3_rbs	3.05	0.0	0.0
210	__ribosome	25.25	0.0	0.0
210	__rnase_site_ext	19.45	0.0	0.0
210	p0	0.9	0.0	0.0
210	p2	0.7	0.0	0.0
210	protein1	1117.5	18.95	1.7316984499999997
210	protein2	1125.55	20.3	1.7149787
210	protein3	243.4	4.65	1.77599205
210	rnapol	0.4	0.0	0.0
211	__protein1_rbs	13.35	0.0	0.0
211	__protein2_rbs	13.25	0.0	0.0
211	__protein3_rbs	3.15	0.0	0.0
211	__ribosome	24.75	0.0	0.0
211	__rnase_site_ext	19.35	0.0	0.0
211	p0	0.95	0.0	0.0
211	p2	0.85	0.0	0.0
211	protein1	1124.45	19.05	1.6911481
211	protein2	1133.3	20.45	1.7398574999999998
211	protein3	244.9	4.6	1.78587305
211	rnapol	0.65	0.0	0.0
212	__protein1_rbs	12.0	0.0	0.0
212	__protein2_rbs	13.9	0.0	0.0
212	__protein3_rbs	2.9	0.0	0.0
212	__ribosome	24.3	0.0	0.0
212	__rnase_site_ext	19.45	0.0	0.0
212	p0	0.75	0.0	0.0
212	p2	0.8	0.0	0.0
212	protein1	1131.95	19.05	1.72837605
212	protein2	1140.65	20.4	1.74489715
212	protein3	246.75	4.6	1.72178575
212	rnapol	0.4	0.0	0.0
213	__protein1_rbs	12.65	0.0	0.0
213	__protein2_rbs	12.8	0.0	0.0
213	__protein3_rbs	3.25	0.0	0.0
213	__ribosome	25.1	0.0	0.0
213	__rnase_site_ext	19.35	0.0	0.0
213	p0	0.9	0.0	0.0
213	p2	0.75	0.0	0.0
213	protein1	1138.9	19.05	1.70607305
213	protein2	1149.2	20.45	1.73654565
213	protein3	248.8	4.7	1.5931349999999995
213	rnapol	0.45	0.0	0.0
214	__protein1_rbs	12.35	0.0	0.0
214	__protein2_rbs	13.4	0.0	0.0
214	__protein3_rbs	3.5	0.0	0.0
214	__ribosome	25.65	0.0	0.0
214	__rnase_site_ext	19.25	0.0	0.0
214	p0	0.75	0.0	0.0
214	p2	0.85	0.0	0.0
214	protein1	1146.7	18.95	1.69996185
214	protein2	1156.85	20.35	1.7539887499999995
214	protein3	250.75	4.8	1.53476185
214	rnapol	0.55	0.0	0.0
215	__protein1_rbs	11.95	0.0	0.0
215	__protein2_rbs	13.55	0.0	0.0
215	__protein3_rbs	3.1	0.0	0.0
215	__ribosome	25.1	0.0	0.0
215	__rnase_site_ext	19.45	0.0	0.0
215	p0	0.7	0.0	0.0
215	p2	0.65	0.0	0.0
215	protein1	1153.35	18.9	1.75110265
215	protein2	1164.95	20.4	1.7280998999999997
215	protein3	252.45	4.8	1.5247222
215	rnapol	0.4	0.0	0.0
216	__protein1_rbs	12.6	0.0	0.0
216	__protein2_rbs	13.35	0.0	0.0
216	__protein3_rbs	2.75	0.0	0.0
216	__ribosome	24.3	0.0	0.0
216	__rnase_site_ext	19.65	0.0	0.0
216	p0	0.8	0.0	0.0
216	p2	0.75	0.0	0.0
216	protein1	1160.7	18.95	1.7488282500000003
216	protein2	1173.0	20.6	1.7075771
216	protein3	254.15	4.85	1.6451190500000004
216	rnapol	0.45	0.0	0.0
217	__protein1_rbs	12.6	0.0	0.0
217	__protein2_rbs	12.9	0.0	0.0
217	__protein3_rbs	3.55	0.0	0.0
217	__ribosome	22.9	0.0	0.0
217	__rnase_site_ext	20.1	0.0	0.0
217	p0	0.7	0.0	0.0
217	p2	0.8	0.0	0.0
217	protein1	1168.55	19.2	1.71502685
217	protein2	1180.05	20.6	1.7979045999999996
217	protein3	255.75	4.9	1.6867460500000004
217	rnapol	0.5	0.0	0.0
218	__protein1_rbs	13.35	0.0	0.0
218	__protein2_rbs	13.0	0.0	0.0
218	__protein3_rbs	3.4	0.0	0.0
218	__ribosome	22.75	0.0	0.0
218	__rnase_site_ext	20.15	0.0	0.0
218	p0	0.7	0.0	0.0
218	p2	0.75	0.0	0.0
218	protein1	1175.6	19.6	1.6832863999999998
218	protein2	1188.3	20.45	1.81749165
218	protein3	257.25	4.9	1.7275000500000002
218	rnapol	0.35	0.0	0.0
219	__protein1_rbs	13.15	0.0	0.0
219	__protein2_rbs	13.95	0.0	0.0
219	__protein3_rbs	3.35	0.0	0.0
219	__ribosome	24.55	0.0	0.0
219	__rnase_site_ext	20.2	0.0	0.0
219	p0	0.75	0.0	0.0
219	p2	0.7	0.0	0.0
219	protein1	1183.15	19.55	1.6842098
219	protein2	1196.75	20.45	1.74316855
219	protein3	259.0	4.9	1.7269048000000002
219	rnapol	0.35	0.0	0.0
220	__protein1_rbs	12.75	0.0	0.0
220	__protein2_rbs	13.1	0.0	0.0
220	__protein3_rbs	3.35	0.0	0.0
220	__ribosome	24.2	0.0	0.0
220	__rnase_site_ext	20.15	0.0	0.0
220	p0	0.75	0.0	0.0
220	p2	0.8	0.0	0.0
220	protein1	1190.6	19.55	1.69984325
220	protein2	1204.6	20.6	1.7489300000000003
220	protein3	261.4	5.0	1.580873
220	rnapol	0.35	0.0	0.0
221	__protein1_rbs	12.7	0.0	0.0
221	__protein2_rbs	13.45	0.0	0.0
221	__protein3_rbs	3.25	0.0	0.0
221	__ribosome	25.05	0.0	0.0
221	__rnase_site_ext	20.3	0.0	0.0
221	p0	0.7	0.0	0.0
221	p2	0.85	0.0	0.0
221	protein1	1198.55	19.6	1.6868735
221	protein2	1213.7	20.2	1.72766555
221	protein3	263.15	4.95	1.6677777499999995
221	rnapol	0.3	0.0	0.0
222	__protein1_rbs	12.95	0.0	0.0
222	__protein2_rbs	13.3	0.0	0.0
222	__protein3_rbs	3.45	0.0	0.0
222	__ribosome	23.25	0.0	0.0
222	__rnase_site_ext	20.15	0.0	0.0
222	p0	0.7	0.0	0.0
222	p2	0.85	0.0	0.0
222	protein1	1205.1	19.75	1.7389452
222	protein2	1221.5	20.25	1.7441288499999998
222	protein3	264.7	4.85	1.83404765
222	rnapol	0.2	0.0	0.0
223	__protein1_rbs	13.05	0.0	0.0
223	__protein2_rbs	13.95	0.0	0.0
223	__protein3_rbs	3.5	0.0	0.0
223	__ribosome	22.75	0.0	0.0
223	__rnase_site_ext	19.95	0.0	0.0
223	p0	0.9	0.0	0.0
223	p2	0.85	0.0	0.0
223	protein1	1211.5	19.6	1.7971240000000002
223	protein2	1229.25	20.35	1.7018685000000002
223	protein3	266.35	4.9	1.8450001
223	rnapol	0.3	0.0	0.0
224	__protein1_rbs	13.8	0.0	0.0
224	__protein2_rbs	13.8	0.0	0.0
224	__protein3_rbs	3.05	0.0	0.0
224	__ribosome	25.0	0.0	0.0
224	__rnase_site_ext	20.05	0.0	0.0
224	p0	0.9	0.0	0.0
224	p2	0.9	0.0	0.0
224	protein1	1220.1	19.6	1.7005083000000003
224	protein2	1237.2	20.45	1.6701698
224	protein3	268.4	4.85	1.81920635
224	rnapol	0.15	0.0	0.0
225	__protein1_rbs	13.0	0.0	0.0
225	__protein2_rbs	13.05	0.0	0.0
225	__protein3_rbs	2.95	0.0	0.0
225	__ribosome	24.85	0.0	0.0
225	__rnase_site_ext	20.1	0.0	0.0
225	p0	0.8	0.0	0.0
225	p2	0.85	0.0	0.0
225	protein1	1228.15	19.65	1.6857404000000002
225	protein2	1245.4	20.6	1.6866974000000003
225	protein3	270.35	4.8	1.7782738500000002
225	rnapol	0.2	0.0	0.0
226	__protein1_rbs	12.45	0.0	0.0
226	__protein2_rbs	13.5	0.0	0.0
226	__protein3_rbs	3.35	0.0	0.0
226	__ribosome	24.2	0.0	0.0
226	__rnase_site_ext	20.2	0.0	0.0
226	p0	0.85	0.0	0.0
226	p2	0.8	0.0	0.0
226	protein1	1235.45	19.6	1.72625485
226	protein2	1253.35	20.7	1.6749492
226	protein3	272.4	4.9	1.6251389000000005
226	rnapol	0.25	0.0	0.0
227	__protein1_rbs	13.6	0.0	0.0
227	__protein2_rbs	14.25	0.0	0.0
227	__protein3_rbs	3.25	0.0	0.0
227	__ribosome	25.05	0.0	0.0
227	__rnase_site_ext	20.2	0.0	0.0
227	p0	0.75	0.0	0.0
227	p2	0.9	0.0	0.0
227	protein1	1243.75	19.65	1.63236675
227	protein2	1260.95	20.85	1.6868459999999998
227	protein3	273.85	4.9	1.7269444500000002
227	rnapol	0.1	0.0	0.0
228	__protein1_rbs	13.25	0.0	0.0
228	__protein2_rbs	13.5	0.0	0.0
228	__protein3_rbs	3.15	0.0	0.0
228	__ribosome	24.25	0.0	0.0
228	__rnase_site_ext	20.0	0.0	0.0
228	p0	0.9	0.0	0.0
228	p2	0.65	0.0	0.0
228	protein1	1250.85	19.75	1.6584276999999998
228	protein2	1268.55	21.0	1.70355675
228	protein3	276.0	4.9	1.7069444999999999
228	rnapol	0.25	0.0	0.0
229	__protein1_rbs	13.0	0.0	0.0
229	__protein2_rbs	14.1	0.0	0.0
229	__protein3_rbs	3.3	0.0	0.0
229	__ribosome	24.4	0.0	0.0
229	__rnase_site_ext	20.05	0.0	0.0
229	p0	0.95	0.0	0.0
229	p2	0.6	0.0	0.0
229	protein1	1258.2	19.55	1.6709187499999998
229	protein2	1276.2	21.1	1.6877747500000002
229	protein3	277.95	4.8	1.66174605
229	rnapol	0.2	0.0	0.0
230	__protein1_rbs	13.1	0.0	0.0
230	__protein2_rbs	13.8	0.0	0.0
230	__protein3_rbs	2.9	0.0	0.0
230	__ribosome	24.45	0.0	0.0
230	__rnase_site_ext	20.3	0.0	0.0
230	p0	0.75	0.0	0.0
230	p2	0.55	0.0	0.0
230	protein1	1265.75	19.6	1.6683937999999998
230	protein2	1285.1	21.35	1.6497766500000002
230	protein3	279.7	4.8	1.7109126999999995
230	rnapol	0.25	0.0	0.0
231	__protein1_rbs	12.95	0.0	0.0
231	__protein2_rbs	14.35	0.0	0.0
231	__protein3_rbs	3.35	0.0	0.0
231	__ribosome	24.1	0.0	0.0
231	__rnase_site_ext	20.2	0.0	0.0
231	p0	0.8	0.0	0.0
231	p2	0.65	0.0	0.0
231	protein1	1273.2	19.85	1.66052735
231	protein2	1292.6	21.3	1.67075035
231	protein3	281.65	4.85	1.6647221999999997
231	rnapol	0.35	0.0	0.0
232	__protein1_rbs	13.0	0.0	0.0
232	__protein2_rbs	14.1	0.0	0.0
232	__protein3_rbs	3.35	0.0	0.0
232	__ribosome	24.4	0.0	0.0
232	__rnase_site_ext	20.4	0.0	0.0
232	p0	0.85	0.0	0.0
232	p2	0.65	0.0	0.0
232	protein1	1280.95	19.75	1.6425483999999997
232	protein2	1300.55	21.2	1.68226735
232	protein3	283.6	5.0	1.59246035
232	rnapol	0.3	0.0	0.0
233	__protein1_rbs	12.85	0.0	0.0
233	__protein2_rbs	14.85	0.0	0.0
233	__protein3_rbs	2.75	0.0	0.0
233	__ribosome	24.25	0.0	0.0
233	__rnase_site_ext	20.5	0.0	0.0
233	p0	0.85	0.0	0.0
233	p2	0.55	0.0	0.0
233	protein1	1288.4	19.95	1.6544144500000002
233	protein2	1309.2	21.3	1.6216234500000002
233	protein3	285.35	5.05	1.6678174
233	rnapol	0.25	0.0	0.0
234	__protein1_rbs	14.4	0.0	0.0
234	__protein2_rbs	14.1	0.0	0.0
234	__protein3_rbs	3.35	0.0	0.0
234	__ribosome	23.75	0.0	0.0
234	__rnase_site_ext	20.65	0.0	0.0
234	p0	0.65	0.0	0.0
234	p2	0.7	0.0	0.0
234	protein1	1295.45	20.0	1.6507901500000002
234	protein2	1317.0	21.15	1.6575970999999998
234	protein3	287.55	5.05	1.7242262
234	rnapol	0.2	0.0	0.0
235	__protein1_rbs	13.6	0.0	0.0
235	__protein2_rbs	14.3	0.0	0.0
235	__protein3_rbs	3.15	0.0	0.0
235	__ribosome	24.35	0.0	0.0
235	__rnase_site_ext	20.85	0.0	0.0
235	p0	0.9	0.0	0.0
235	p2	0.95	0.0	0.0
235	protein1	1303.65	20.2	1.6151233
235	protein2	1325.25	21.05	1.6426804499999998
235	protein3	289.45	5.1	1.7404166499999998
235	rnapol	0.35	0.0	0.0
236	__protein1_rbs	13.6	0.0	0.0
236	__protein2_rbs	13.6	0.0	0.0
236	__protein3_rbs	3.2	0.0	0.0
236	__ribosome	23.15	0.0	0.0
236	__rnase_site_ext	20.65	0.0	0.0
236	p0	0.7	0.0	0.0
236	p2	0.9	0.0	0.0
236	protein1	1310.55	20.35	1.6335047499999995
236	protein2	1333.25	20.9	1.6522359000000002
236	protein3	291.25	5.2	1.8026984
236	rnapol	0.35	0.0	0.0
237	__protein1_rbs	14.15	0.0	0.0
237	__protein2_rbs	13.25	0.0	0.0
237	__protein3_rbs	3.55	0.0	0.0
237	__ribosome	23.9	0.0	0.0
237	__rnase_site_ext	20.75	0.0	0.0
237	p0	0.9	0.0	0.0
237	p2	0.7	0.0	0.0
237	protein1	1319.0	20.25	1.5796974499999998
237	protein2	1340.6	20.9	1.6908113999999999
237	protein3	293.3	5.2	1.7842459999999996
237	rnapol	0.35	0.0	0.0
238	__protein1_rbs	13.85	0.0	0.0
238	__protein2_rbs	13.55	0.0	0.0
238	__protein3_rbs	3.2	0.0	0.0
238	__ribosome	23.65	0.0	0.0
238	__rnase_site_ext	20.9	0.0	0.0
238	p0	0.8	0.0	0.0
238	p2	0.85	0.0	0.0
238	protein1	1326.6	20.25	1.6014034
238	protein2	1348.5	21.05	1.6969475000000005
238	protein3	295.85	5.2	1.7473015999999997
238	rnapol	0.5	0.0	0.0
239	__protein1_rbs	13.8	0.0	0.0
239	__protein2_rbs	14.6	0.0	0.0
239	__protein3_rbs	3.35	0.0	0.0
239	__ribosome	24.5	0.0	0.0
239	__rnase_site_ext	21.0	0.0	0.0
239	p0	0.85	0.0	0.0
239	p2	0.7	0.0	0.0
239	protein1	1334.25	20.3	1.58889525
239	protein2	1357.25	21.25	1.6512233499999998
239	protein3	297.7	5.1	1.7626587
239	rnapol	0.3	0.0	0.0
240	__protein1_rbs	13.5	0.0	0.0
240	__protein2_rbs	14.9	0.0	0.0
240	__protein3_rbs	3.8	0.0	0.0
240	__ribosome	24.7	0.0	0.0
240	__rnase_site_ext	21.25	0.0	0.0
240	p0	0.8	0.0	0.0
240	p2	0.8	0.0	0.0
240	protein1	1341.5	20.4	1.6211827999999997
240	protein2	1364.85	21.2	1.65004575
240	protein3	300.15	5.05	1.5870238000000003
240	rnapol	0.3	0.0	0.0
241	__protein1_rbs	12.8	0.0	0.0
241	__protein2_rbs	13.85	0.0	0.0
241	__protein3_rbs	4.0	0.0	0.0
241	__ribosome	22.85	0.0	0.0
241	__rnase_site_ext	21.4	0.0	0.0
241	p0	0.65	0.0	0.0
241	p2	0.85	0.0	0.0
241	protein1	1348.7	20.75	1.6644218999999998
241	protein2	1372.85	21.0	1.6908265
241	protein3	301.75	5.1	1.52043655
241	rnapol	0.1	0.0	0.0
242	__protein1_rbs	14.05	0.0	0.0
242	__protein2_rbs	15.05	0.0	0.0
242	__protein3_rbs	3.8	0.0	0.0
242	__ribosome	25.2	0.0	0.0
242	__rnase_site_ext	21.45	0.0	0.0
242	p0	0.95	0.0	0.0
242	p2	0.7	0.0	0.0
242	protein1	1356.75	20.85	1.6327983
242	protein2	1382.15	21.3	1.6012074000000005
242	protein3	303.8	5.05	1.41234125
242	rnapol	0.25	0.0	0.0
243	__protein1_rbs	13.65	0.0	0.0
243	__protein2_rbs	14.95	0.0	0.0
243	__protein3_rbs	3.3	0.0	0.0
243	__ribosome	25.1	0.0	0.0
243	__rnase_site_ext	21.5	0.0	0.0
243	p0	0.95	0.0	0.0
243	p2	0.65	0.0	0.0
243	protein1	1364.1	21.05	1.6434731500000002
243	protein2	1390.55	21.3	1.5662899499999998
243	protein3	305.9	5.1	1.50511895
243	rnapol	0.35	0.0	0.0
244	__protein1_rbs	14.3	0.0	0.0
244	__protein2_rbs	13.85	0.0	0.0
244	__protein3_rbs	3.55	0.0	0.0
244	__ribosome	23.15	0.0	0.0
244	__rnase_site_ext	21.4	0.0	0.0
244	p0	0.7	0.0	0.0
244	p2	0.8	0.0	0.0
244	protein1	1371.3	20.95	1.6757454500000002
244	protein2	1397.95	21.4	1.6099771999999999
244	protein3	307.65	5.1	1.5665079500000003
244	rnapol	0.3	0.0	0.0
245	__protein1_rbs	14.35	0.0	0.0
245	__protein2_rbs	15.05	0.0	0.0
245	__protein3_rbs	3.45	0.0	0.0
245	__ribosome	23.35	0.0	0.0
245	__rnase_site_ext	21.2	0.0	0.0
245	p0	1.0	0.0	0.0
245	p2	0.8	0.0	0.0
245	protein1	1380.0	21.0	1.6367553999999995
245	protein2	1405.6	21.45	1.6150640500000002
245	protein3	309.2	5.15	1.6176586999999998
245	rnapol	0.3	0.0	0.0
246	__protein1_rbs	13.85	0.0	0.0
246	__protein2_rbs	14.9	0.0	0.0
246	__protein3_rbs	3.3	0.0	0.0
246	__ribosome	23.1	0.0	0.0
246	__rnase_site_ext	21.05	0.0	0.0
246	p0	1.0	0.0	0.0
246	p2	0.6	0.0	0.0
246	protein1	1388.1	20.75	1.6378694500000002
246	protein2	1413.25	21.65	1.6208425000000002
246	protein3	310.95	5.1	1.6847222000000002
246	rnapol	0.45	0.0	0.0
247	__protein1_rbs	13.8	0.0	0.0
247	__protein2_rbs	14.75	0.0	0.0
247	__protein3_rbs	3.1	0.0	0.0
247	__ribosome	23.65	0.0	0.0
247	__rnase_site_ext	21.05	0.0	0.0
247	p0	0.65	0.0	0.0
247	p2	0.75	0.0	0.0
247	protein1	1396.3	20.5	1.6495615499999996
247	protein2	1422.05	21.9	1.5685825000000002
247	protein3	312.75	5.05	1.8036508000000004
247	rnapol	0.3	0.0	0.0
248	__protein1_rbs	13.8	0.0	0.0
248	__protein2_rbs	15.25	0.0	0.0
248	__protein3_rbs	3.8	0.0	0.0
248	__ribosome	24.4	0.0	0.0
248	__rnase_site_ext	21.35	0.0	0.0
248	p0	0.75	0.0	0.0
248	p2	0.85	0.0	0.0
248	protein1	1404.3	20.6	1.6374369000000002
248	protein2	1430.2	21.95	1.5605675
248	protein3	314.9	5.15	1.64567455
248	rnapol	0.2	0.0	0.0
249	__protein1_rbs	14.45	0.0	0.0
249	__protein2_rbs	14.7	0.0	0.0
249	__protein3_rbs	3.4	0.0	0.0
249	__ribosome	22.95	0.0	0.0
249	__rnase_site_ext	21.35	0.0	0.0
249	p0	0.85	0.0	0.0
249	p2	0.7	0.0	0.0
249	protein1	1411.5	20.8	1.6467350500000002
249	protein2	1437.95	22.0	1.6059111499999996
249	protein3	317.05	5.1	1.68672615
249	rnapol	0.1	0.0	0.0
250	__protein1_rbs	12.45	0.0	0.0
250	__protein2_rbs	12.65	0.0	0.0
250	__protein3_rbs	3.1	0.0	0.0
250	__ribosome	20.1	0.0	0.0
250	__rnase_site_ext	19.0	0.0	0.0
250	p0	0.9	0.0	0.0
250	p2	0.5	0.0	0.0
250	protein1	1284.45	18.55	1.4622119000000002
250	protein2	1305.7	19.65	1.5122832
250	protein3	285.3	4.55	1.54232145
250	rnapol	0.2	0.0	0.0
