time	species	protein	transcript	ribo_density
0	__protein1_rbs	0.0	0.0	0.0
0	__protein2_rbs	0.0	0.0	0.0
0	__protein3_rbs	0.0	0.0	0.0
0	__ribosome	100.0	0.0	0.0
0	__rnase_site_ext	0.0	0.0	0.0
0	p0	1.0	0.0	0.0
0	p1	1.0	0.0	0.0
0	p2	1.0	0.0	0.0
0	r2	0.0	0.0	0.0
0	rnapol	4.0	0.0	0.0
1	__protein1_rbs	0.0	0.0	0.0
1	__protein2_rbs	0.0	0.0	0.0
1	__protein3_rbs	0.0	0.0	0.0
1	__ribosome	85.0	0.0	0.0
1	__rnase_site_ext	0.4	0.0	0.0
1	p0	0.3	0.0	0.0
1	p1	0.65	0.0	0.0
1	p2	0.8	0.0	0.0
1	r2	0.0	0.0	0.0
1	rnapol	2.5	0.0	0.0
2	__protein1_rbs	0.1	0.0	0.0
2	__protein2_rbs	0.0	0.0	0.0
2	__protein3_rbs	0.0	0.0	0.0
2	__ribosome	104.95	0.0	0.0
2	__rnase_site_ext	1.0	0.0	0.0
2	p0	0.5	0.0	0.0
2	p1	0.95	0.0	0.0
2	p2	1.0	0.0	0.0
2	protein1	0.0	0.15	0.05
2	r2	0.0	0.0	0.0
2	rnapol	2.8	0.0	0.0
3	__protein1_rbs	0.1	0.0	0.0
3	__protein2_rbs	0.1	0.0	0.0
3	__protein3_rbs	0.05	0.0	0.0
3	__ribosome	94.5	0.0	0.0
3	__rnase_site_ext	1.6	0.0	0.0
3	p0	0.45	0.0	0.0
3	p1	0.95	0.0	0.0
3	p2	0.95	0.0	0.0
3	protein1	0.0	0.5	0.45
3	protein2	0.0	0.15	0.05
3	protein3	0.0	0.05	0.0
3	r2	0.0	0.0	0.0
3	rnapol	2.0	0.0	0.0
4	__protein1_rbs	0.35	0.0	0.0
4	__protein2_rbs	0.1	0.0	0.0
4	__protein3_rbs	0.05	0.0	0.0
4	__ribosome	113.5	0.0	0.0
4	__rnase_site_ext	2.15	0.0	0.0
4	p0	0.5	0.0	0.0
4	p1	1.15	0.0	0.0
4	p2	1.15	0.0	0.0
4	protein1	0.0	1.05	inf
4	protein2	0.0	0.25	0.25
4	protein3	0.0	0.1	0.05
4	r2	0.0	0.0	0.0
4	rnapol	2.15	0.0	0.0
5	__protein1_rbs	0.65	0.0	0.0
5	__protein2_rbs	0.1	0.0	0.0
5	__protein3_rbs	0.1	0.0	0.0
5	__ribosome	97.55	0.0	0.0
5	__rnase_site_ext	2.4	0.0	0.0
5	p0	0.7	0.0	0.0
5	p1	0.95	0.0	0.0
5	p2	1.0	0.0	0.0
5	protein1	0.0	1.4	inf
5	protein2	0.0	0.25	0.4
5	protein3	0.0	0.1	0.1
5	r2	0.0	0.0	0.0
5	rnapol	1.3	0.0	0.0
6	__protein1_rbs	0.55	0.0	0.0
6	__protein2_rbs	0.05	0.0	0.0
6	__protein3_rbs	0.0	0.0	0.0
6	__ribosome	95.75	0.0	0.0
6	__rnase_site_ext	2.95	0.0	0.0
6	p0	0.65	0.0	0.0
6	p1	1.0	0.0	0.0
6	p2	1.0	0.0	0.0
6	protein1	0.0	1.9	1.925
6	protein2	0.0	0.25	0.6
6	protein3	0.0	0.1	0.25
6	r2	0.0	0.0	0.0
6	rnapol	0.8	0.0	0.0
7	__protein1_rbs	1.2	0.0	0.0
7	__protein2_rbs	0.2	0.0	0.0
7	__protein3_rbs	0.05	0.0	0.0
7	__ribosome	94.4	0.0	0.0
7	__rnase_site_ext	3.15	0.0	0.0
7	p0	0.85	0.0	0.0
7	p1	0.95	0.0	0.0
7	p2	1.0	0.0	0.0
7	protein1	0.15	2.5	1.9041667
7	protein2	0.0	0.3	0.7
7	protein3	0.0	0.1	0.3
7	r2	0.0	0.0	0.0
7	rnapol	0.55	0.0	0.0
8	__protein1_rbs	0.9	0.0	0.0
8	__protein2_rbs	0.1	0.0	0.0
8	__protein3_rbs	0.05	0.0	0.0
8	__ribosome	92.65	0.0	0.0
8	__rnase_site_ext	3.35	0.0	0.0
8	p0	0.85	0.0	0.0
8	p1	0.6	0.0	0.0
8	p2	1.0	0.0	0.0
8	protein1	0.4	2.65	2.3791666500000006
8	protein2	0.1	0.35	0.9
8	protein3	0.0	0.1	0.35
8	r2	0.15	0.0	0.0
8	rnapol	0.3	0.0	0.0
9	__protein1_rbs	0.55	0.0	0.0
9	__protein2_rbs	0.15	0.0	0.0
9	__protein3_rbs	0.05	0.0	0.0
9	__ribosome	91.4	0.0	0.0
9	__rnase_site_ext	3.5	0.0	0.0
9	p0	0.95	0.0	0.0
9	p1	0.55	0.0	0.0
9	p2	1.0	0.0	0.0
9	protein1	1.2	2.7	2.7124999999999995
9	protein2	0.15	0.45	1.1
9	protein3	0.1	0.1	0.3
9	r2	0.25	0.0	0.0
9	rnapol	0.2	0.0	0.0
10	__protein1_rbs	1.05	0.0	0.0
10	__protein2_rbs	0.3	0.0	0.0
10	__protein3_rbs	0.05	0.0	0.0
10	__ribosome	90.3	0.0	0.0
10	__rnase_site_ext	3.5	0.0	0.0
10	p0	0.95	0.0	0.0
10	p1	0.15	0.0	0.0
10	p2	0.8	0.0	0.0
10	protein1	2.0	2.9	2.83749995
10	protein2	0.3	0.65	1.225
10	protein3	0.1	0.1	0.3
10	r2	0.25	0.0	0.0
10	rnapol	0.2	0.0	0.0
11	__protein1_rbs	0.75	0.0	0.0
11	__protein2_rbs	0.25	0.0	0.0
11	__protein3_rbs	0.05	0.0	0.0
11	__ribosome	88.95	0.0	0.0
11	__rnase_site_ext	3.45	0.0	0.0
11	p0	0.95	0.0	0.0
11	p1	0.2	0.0	0.0
11	p2	0.9	0.0	0.0
11	protein1	3.2	2.85	3.19166665
11	protein2	0.5	0.9	1.525
11	protein3	0.2	0.1	0.25
11	r2	0.25	0.0	0.0
11	rnapol	0.15	0.0	0.0
12	__protein1_rbs	0.85	0.0	0.0
12	__protein2_rbs	0.3	0.0	0.0
12	__protein3_rbs	0.15	0.0	0.0
12	__ribosome	87.75	0.0	0.0
12	__rnase_site_ext	3.45	0.0	0.0
12	p0	1.0	0.0	0.0
12	p1	0.3	0.0	0.0
12	p2	1.0	0.0	0.0
12	protein1	4.6	2.85	3.38333335
12	protein2	0.7	1.25	1.75
12	protein3	0.3	0.25	0.2
12	r2	0.3	0.0	0.0
12	rnapol	0.15	0.0	0.0
13	__protein1_rbs	1.15	0.0	0.0
13	__protein2_rbs	0.8	0.0	0.0
13	__protein3_rbs	0.15	0.0	0.0
13	__ribosome	86.65	0.0	0.0
13	__rnase_site_ext	3.5	0.0	0.0
13	p0	0.95	0.0	0.0
13	p1	0.35	0.0	0.0
13	p2	1.0	0.0	0.0
13	protein1	6.05	2.85	3.4291666500000004
13	protein2	0.95	1.8	1.56666665
13	protein3	0.35	0.35	0.375
13	r2	0.4	0.0	0.0
13	rnapol	0.1	0.0	0.0
14	__protein1_rbs	1.2	0.0	0.0
14	__protein2_rbs	0.95	0.0	0.0
14	__protein3_rbs	0.15	0.0	0.0
14	__ribosome	85.7	0.0	0.0
14	__rnase_site_ext	3.45	0.0	0.0
14	p0	1.0	0.0	0.0
14	p1	0.35	0.0	0.0
14	p2	0.95	0.0	0.0
14	protein1	7.95	2.85	3.3125
14	protein2	1.3	2.35	1.8
14	protein3	0.4	0.35	0.525
14	r2	0.45	0.0	0.0
14	rnapol	0.1	0.0	0.0
15	__protein1_rbs	1.15	0.0	0.0
15	__protein2_rbs	0.6	0.0	0.0
15	__protein3_rbs	0.15	0.0	0.0
15	__ribosome	84.05	0.0	0.0
15	__rnase_site_ext	3.45	0.0	0.0
15	p0	0.95	0.0	0.0
15	p1	0.65	0.0	0.0
15	p2	0.85	0.0	0.0
15	protein1	10.0	2.85	3.2416666000000007
15	protein2	1.6	2.7	2.1541667
15	protein3	0.4	0.4	0.725
15	r2	0.6	0.0	0.0
15	rnapol	0.05	0.0	0.0
16	__protein1_rbs	0.75	0.0	0.0
16	__protein2_rbs	0.75	0.0	0.0
16	__protein3_rbs	0.2	0.0	0.0
16	__ribosome	82.0	0.0	0.0
16	__rnase_site_ext	3.4	0.0	0.0
16	p0	1.0	0.0	0.0
16	p1	0.65	0.0	0.0
16	p2	0.85	0.0	0.0
16	protein1	11.9	2.85	3.3125
16	protein2	2.2	3.2	2.36666665
16	protein3	0.45	0.4	0.85
16	r2	0.95	0.0	0.0
16	rnapol	0.05	0.0	0.0
17	__protein1_rbs	1.15	0.0	0.0
17	__protein2_rbs	0.8	0.0	0.0
17	__protein3_rbs	0.2	0.0	0.0
17	__ribosome	80.35	0.0	0.0
17	__rnase_site_ext	3.4	0.0	0.0
17	p0	1.0	0.0	0.0
17	p1	0.85	0.0	0.0
17	p2	0.75	0.0	0.0
17	protein1	13.7	2.85	3.3041666500000004
17	protein2	2.85	3.4	2.73333335
17	protein3	0.55	0.5	0.925
17	r2	1.2	0.0	0.0
17	rnapol	0.05	0.0	0.0
18	__protein1_rbs	1.05	0.0	0.0
18	__protein2_rbs	1.15	0.0	0.0
18	__protein3_rbs	0.1	0.0	0.0
18	__ribosome	79.25	0.0	0.0
18	__rnase_site_ext	3.45	0.0	0.0
18	p0	1.0	0.0	0.0
18	p1	0.9	0.0	0.0
18	p2	0.4	0.0	0.0
18	protein1	15.6	2.8	3.4
18	protein2	3.95	3.7	2.8291667
18	protein3	0.75	0.55	1.15
18	r2	1.8	0.0	0.0
18	rnapol	0.2	0.0	0.0
19	__protein1_rbs	0.8	0.0	0.0
19	__protein2_rbs	0.8	0.0	0.0
19	__protein3_rbs	0.4	0.0	0.0
19	__ribosome	78.25	0.0	0.0
19	__rnase_site_ext	3.45	0.0	0.0
19	p0	1.0	0.0	0.0
19	p1	0.95	0.0	0.0
19	p2	0.45	0.0	0.0
19	protein1	17.35	2.85	3.32083335
19	protein2	5.6	3.75	3.0166666500000003
19	protein3	0.95	0.65	1.075
19	r2	2.4	0.0	0.0
19	rnapol	0.15	0.0	0.0
20	__protein1_rbs	1.05	0.0	0.0
20	__protein2_rbs	1.4	0.0	0.0
20	__protein3_rbs	0.4	0.0	0.0
20	__ribosome	77.75	0.0	0.0
20	__rnase_site_ext	3.5	0.0	0.0
20	p0	0.95	0.0	0.0
20	p1	1.0	0.0	0.0
20	p2	0.25	0.0	0.0
20	protein1	19.2	2.85	3.16249995
20	protein2	7.25	3.8	3.08750005
20	protein3	1.1	1.0	1.35833335
20	r2	2.65	0.0	0.0
20	rnapol	0.1	0.0	0.0
21	__protein1_rbs	0.85	0.0	0.0
21	__protein2_rbs	1.4	0.0	0.0
21	__protein3_rbs	0.55	0.0	0.0
21	__ribosome	76.95	0.0	0.0
21	__rnase_site_ext	3.45	0.0	0.0
21	p0	1.0	0.0	0.0
21	p1	0.95	0.0	0.0
21	p2	0.2	0.0	0.0
21	protein1	20.85	2.8	3.3166666500000006
21	protein2	9.35	3.85	3.075
21	protein3	1.4	1.3	1.50833335
21	r2	3.15	0.0	0.0
21	rnapol	0.15	0.0	0.0
22	__protein1_rbs	0.95	0.0	0.0
22	__protein2_rbs	1.15	0.0	0.0
22	__protein3_rbs	0.85	0.0	0.0
22	__ribosome	76.0	0.0	0.0
22	__rnase_site_ext	3.45	0.0	0.0
22	p0	1.0	0.0	0.0
22	p1	0.95	0.0	0.0
22	p2	0.35	0.0	0.0
22	protein1	22.65	2.85	3.0749999500000005
22	protein2	11.5	3.75	3.2708333499999998
22	protein3	1.6	1.8	1.52916665
22	r2	3.4	0.0	0.0
22	rnapol	0.2	0.0	0.0
23	__protein1_rbs	1.05	0.0	0.0
23	__protein2_rbs	1.25	0.0	0.0
23	__protein3_rbs	0.95	0.0	0.0
23	__ribosome	75.2	0.0	0.0
23	__rnase_site_ext	3.45	0.0	0.0
23	p0	0.95	0.0	0.0
23	p1	0.95	0.0	0.0
23	p2	0.25	0.0	0.0
23	protein1	24.05	2.8	3.2541667000000003
23	protein2	14.15	3.7	3.19583335
23	protein3	2.0	2.35	1.6208333499999998
23	r2	3.65	0.0	0.0
23	rnapol	0.2	0.0	0.0
24	__protein1_rbs	0.9	0.0	0.0
24	__protein2_rbs	1.2	0.0	0.0
24	__protein3_rbs	1.15	0.0	0.0
24	__ribosome	73.6	0.0	0.0
24	__rnase_site_ext	3.5	0.0	0.0
24	p0	1.0	0.0	0.0
24	p1	1.0	0.0	0.0
24	p2	0.55	0.0	0.0
24	protein1	25.75	2.8	3.18750005
24	protein2	16.15	3.7	3.3416666500000005
24	protein3	2.35	2.65	1.90833335
24	r2	3.75	0.0	0.0
24	rnapol	0.25	0.0	0.0
25	__protein1_rbs	1.25	0.0	0.0
25	__protein2_rbs	1.2	0.0	0.0
25	__protein3_rbs	1.1	0.0	0.0
25	__ribosome	72.4	0.0	0.0
25	__rnase_site_ext	3.5	0.0	0.0
25	p0	1.0	0.0	0.0
25	p1	0.95	0.0	0.0
25	p2	0.6	0.0	0.0
25	protein1	27.5	2.85	3.0541666000000003
25	protein2	18.6	3.75	3.25
25	protein3	3.0	3.1	2.1133333
25	r2	3.8	0.0	0.0
25	rnapol	0.35	0.0	0.0
26	__protein1_rbs	1.05	0.0	0.0
26	__protein2_rbs	1.5	0.0	0.0
26	__protein3_rbs	1.4	0.0	0.0
26	__ribosome	71.1	0.0	0.0
26	__rnase_site_ext	3.6	0.0	0.0
26	p0	0.95	0.0	0.0
26	p1	0.95	0.0	0.0
26	p2	0.8	0.0	0.0
26	protein1	29.15	2.85	3.0541666999999992
26	protein2	20.7	3.7	3.26250005
26	protein3	3.6	3.5	2.2666667
26	r2	3.85	0.0	0.0
26	rnapol	0.75	0.0	0.0
27	__protein1_rbs	0.9	0.0	0.0
27	__protein2_rbs	1.2	0.0	0.0
27	__protein3_rbs	1.55	0.0	0.0
27	__ribosome	70.35	0.0	0.0
27	__rnase_site_ext	3.65	0.0	0.0
27	p0	0.95	0.0	0.0
27	p1	0.8	0.0	0.0
27	p2	0.95	0.0	0.0
27	protein1	31.15	2.85	3.0166667000000005
27	protein2	23.05	3.65	3.35000005
27	protein3	4.65	3.7	2.3999999999999995
27	r2	3.85	0.0	0.0
27	rnapol	0.9	0.0	0.0
28	__protein1_rbs	1.3	0.0	0.0
28	__protein2_rbs	1.55	0.0	0.0
28	__protein3_rbs	1.45	0.0	0.0
28	__ribosome	69.65	0.0	0.0
28	__rnase_site_ext	3.75	0.0	0.0
28	p0	0.95	0.0	0.0
28	p1	0.8	0.0	0.0
28	p2	0.95	0.0	0.0
28	protein1	32.7	2.95	3.00000005
28	protein2	25.55	3.65	3.1791666500000004
28	protein3	5.9	3.9	2.5766667
28	r2	3.9	0.0	0.0
28	rnapol	1.1	0.0	0.0
29	__protein1_rbs	1.55	0.0	0.0
29	__protein2_rbs	1.3	0.0	0.0
29	__protein3_rbs	1.4	0.0	0.0
29	__ribosome	69.1	0.0	0.0
29	__rnase_site_ext	3.95	0.0	0.0
29	p0	0.7	0.0	0.0
29	p1	1.0	0.0	0.0
29	p2	1.0	0.0	0.0
29	protein1	34.3	2.9	3.02083335
29	protein2	27.95	3.7	3.1341667
29	protein3	7.3	3.95	2.76833335
29	r2	3.9	0.0	0.0
29	rnapol	1.25	0.0	0.0
30	__protein1_rbs	1.25	0.0	0.0
30	__protein2_rbs	1.7	0.0	0.0
30	__protein3_rbs	2.05	0.0	0.0
30	__ribosome	69.65	0.0	0.0
30	__rnase_site_ext	4.35	0.0	0.0
30	p0	0.6	0.0	0.0
30	p1	1.0	0.0	0.0
30	p2	0.95	0.0	0.0
30	protein1	36.2	3.0	2.93750005
30	protein2	29.9	3.9	2.995
30	protein3	9.4	4.0	2.64916665
30	r2	3.95	0.0	0.0
30	rnapol	1.25	0.0	0.0
31	__protein1_rbs	1.2	0.0	0.0
31	__protein2_rbs	1.2	0.0	0.0
31	__protein3_rbs	1.75	0.0	0.0
31	__ribosome	68.3	0.0	0.0
31	__rnase_site_ext	4.75	0.0	0.0
31	p0	0.7	0.0	0.0
31	p1	0.9	0.0	0.0
31	p2	0.95	0.0	0.0
31	protein1	37.7	3.25	2.915
31	protein2	32.15	3.9	3.0733333499999995
31	protein3	11.3	4.0	2.73583335
31	r2	3.95	0.0	0.0
31	rnapol	1.25	0.0	0.0
32	__protein1_rbs	1.45	0.0	0.0
32	__protein2_rbs	1.75	0.0	0.0
32	__protein3_rbs	1.35	0.0	0.0
32	__ribosome	67.85	0.0	0.0
32	__rnase_site_ext	5.0	0.0	0.0
32	p0	0.75	0.0	0.0
32	p1	0.95	0.0	0.0
32	p2	0.9	0.0	0.0
32	protein1	39.45	3.45	2.7866667
32	protein2	34.75	3.95	2.88666665
32	protein3	13.35	4.05	2.85666665
32	r2	4.0	0.0	0.0
32	rnapol	1.2	0.0	0.0
33	__protein1_rbs	1.5	0.0	0.0
33	__protein2_rbs	1.35	0.0	0.0
33	__protein3_rbs	1.75	0.0	0.0
33	__ribosome	67.0	0.0	0.0
33	__rnase_site_ext	5.45	0.0	0.0
33	p0	0.7	0.0	0.0
33	p1	0.95	0.0	0.0
33	p2	1.0	0.0	0.0
33	protein1	41.0	3.75	2.6675
33	protein2	36.7	4.05	2.92416665
33	protein3	15.55	4.05	2.84583335
33	r2	3.95	0.0	0.0
33	rnapol	1.05	0.0	0.0
34	__protein1_rbs	1.6	0.0	0.0
34	__protein2_rbs	1.75	0.0	0.0
34	__protein3_rbs	1.45	0.0	0.0
34	__ribosome	65.7	0.0	0.0
34	__rnase_site_ext	5.7	0.0	0.0
34	p0	0.75	0.0	0.0
34	p1	0.8	0.0	0.0
34	p2	0.9	0.0	0.0
34	protein1	42.6	4.2	2.6690476500000004
34	protein2	39.0	4.05	2.8758333
34	protein3	17.75	4.15	2.9025000000000003
34	r2	4.0	0.0	0.0
34	rnapol	0.75	0.0	0.0
35	__protein1_rbs	1.8	0.0	0.0
35	__protein2_rbs	1.9	0.0	0.0
35	__protein3_rbs	1.65	0.0	0.0
35	__ribosome	64.45	0.0	0.0
35	__rnase_site_ext	6.05	0.0	0.0
35	p0	0.75	0.0	0.0
35	p1	0.7	0.0	0.0
35	p2	0.9	0.0	0.0
35	protein1	44.25	4.35	2.6705953
35	protein2	40.9	4.05	2.93416665
35	protein3	19.95	4.15	2.94833335
35	r2	4.15	0.0	0.0
35	rnapol	0.45	0.0	0.0
36	__protein1_rbs	1.7	0.0	0.0
36	__protein2_rbs	1.7	0.0	0.0
36	__protein3_rbs	2.15	0.0	0.0
36	__ribosome	64.1	0.0	0.0
36	__rnase_site_ext	6.25	0.0	0.0
36	p0	0.8	0.0	0.0
36	p1	0.7	0.0	0.0
36	p2	0.7	0.0	0.0
36	protein1	46.35	4.5	2.7610714
36	protein2	43.55	4.15	2.82166665
36	protein3	22.0	4.2	2.8775
36	r2	4.2	0.0	0.0
36	rnapol	0.3	0.0	0.0
37	__protein1_rbs	2.75	0.0	0.0
37	__protein2_rbs	1.75	0.0	0.0
37	__protein3_rbs	1.7	0.0	0.0
37	__ribosome	63.2	0.0	0.0
37	__rnase_site_ext	6.25	0.0	0.0
37	p0	0.95	0.0	0.0
37	p1	0.6	0.0	0.0
37	p2	0.8	0.0	0.0
37	protein1	48.4	4.75	2.57452385
37	protein2	45.4	4.35	2.8291666500000003
37	protein3	24.25	4.2	2.9575
37	r2	4.25	0.0	0.0
37	rnapol	0.25	0.0	0.0
38	__protein1_rbs	2.1	0.0	0.0
38	__protein2_rbs	1.8	0.0	0.0
38	__protein3_rbs	1.75	0.0	0.0
38	__ribosome	62.65	0.0	0.0
38	__rnase_site_ext	6.35	0.0	0.0
38	p0	0.95	0.0	0.0
38	p1	0.5	0.0	0.0
38	p2	0.95	0.0	0.0
38	protein1	50.55	4.75	2.6957738000000004
38	protein2	48.2	4.55	2.6141667
38	protein3	26.4	4.3	2.97
38	r2	4.3	0.0	0.0
38	rnapol	0.25	0.0	0.0
39	__protein1_rbs	1.75	0.0	0.0
39	__protein2_rbs	1.85	0.0	0.0
39	__protein3_rbs	2.35	0.0	0.0
39	__ribosome	62.85	0.0	0.0
39	__rnase_site_ext	6.4	0.0	0.0
39	p0	0.9	0.0	0.0
39	p1	0.45	0.0	0.0
39	p2	0.9	0.0	0.0
39	protein1	53.0	4.8	2.7760714
39	protein2	50.15	4.7	2.6775
39	protein3	29.4	4.5	2.545
39	r2	4.25	0.0	0.0
39	rnapol	0.15	0.0	0.0
40	__protein1_rbs	1.75	0.0	0.0
40	__protein2_rbs	2.0	0.0	0.0
40	__protein3_rbs	1.85	0.0	0.0
40	__ribosome	60.9	0.0	0.0
40	__rnase_site_ext	6.35	0.0	0.0
40	p0	1.0	0.0	0.0
40	p1	0.55	0.0	0.0
40	p2	0.75	0.0	0.0
40	protein1	55.6	4.85	2.8254167000000012
40	protein2	52.2	5.0	2.6788094500000006
40	protein3	31.4	4.55	2.66833335
40	r2	4.2	0.0	0.0
40	rnapol	0.25	0.0	0.0
41	__protein1_rbs	1.9	0.0	0.0
41	__protein2_rbs	2.4	0.0	0.0
41	__protein3_rbs	2.1	0.0	0.0
41	__ribosome	60.35	0.0	0.0
41	__rnase_site_ext	6.35	0.0	0.0
41	p0	1.0	0.0	0.0
41	p1	0.55	0.0	0.0
41	p2	0.85	0.0	0.0
41	protein1	58.15	4.85	2.8124404999999992
41	protein2	54.35	5.4	2.5944047
41	protein3	34.0	4.55	2.65750005
41	r2	4.45	0.0	0.0
41	rnapol	0.25	0.0	0.0
42	__protein1_rbs	1.8	0.0	0.0
42	__protein2_rbs	2.2	0.0	0.0
42	__protein3_rbs	2.4	0.0	0.0
42	__ribosome	59.65	0.0	0.0
42	__rnase_site_ext	6.35	0.0	0.0
42	p0	0.95	0.0	0.0
42	p1	0.6	0.0	0.0
42	p2	0.95	0.0	0.0
42	protein1	60.5	4.85	2.9416667000000003
42	protein2	56.95	5.6	2.5554167000000003
42	protein3	36.25	4.55	2.6191666500000004
42	r2	4.55	0.0	0.0
42	rnapol	0.2	0.0	0.0
43	__protein1_rbs	2.1	0.0	0.0
43	__protein2_rbs	2.35	0.0	0.0
43	__protein3_rbs	1.5	0.0	0.0
43	__ribosome	57.75	0.0	0.0
43	__rnase_site_ext	6.25	0.0	0.0
43	p0	0.9	0.0	0.0
43	p1	0.6	0.0	0.0
43	p2	0.65	0.0	0.0
43	protein1	63.15	4.85	2.9303572
43	protein2	59.6	5.9	2.5957142499999994
43	protein3	38.35	4.6	2.7608333000000003
43	r2	4.6	0.0	0.0
43	rnapol	0.15	0.0	0.0
44	__protein1_rbs	2.35	0.0	0.0
44	__protein2_rbs	2.4	0.0	0.0
44	__protein3_rbs	2.1	0.0	0.0
44	__ribosome	57.7	0.0	0.0
44	__rnase_site_ext	6.35	0.0	0.0
44	p0	0.95	0.0	0.0
44	p1	0.85	0.0	0.0
44	p2	0.7	0.0	0.0
44	protein1	66.0	4.8	2.8595238
44	protein2	62.25	6.25	2.6022022999999996
44	protein3	41.05	4.6	2.6916667000000003
44	r2	4.95	0.0	0.0
44	rnapol	0.3	0.0	0.0
45	__protein1_rbs	2.3	0.0	0.0
45	__protein2_rbs	3.1	0.0	0.0
45	__protein3_rbs	1.85	0.0	0.0
45	__ribosome	56.45	0.0	0.0
45	__rnase_site_ext	6.35	0.0	0.0
45	p0	0.85	0.0	0.0
45	p1	0.9	0.0	0.0
45	p2	0.75	0.0	0.0
45	protein1	68.5	4.85	2.8746428
45	protein2	64.85	6.65	2.5179166000000004
45	protein3	43.15	4.65	2.8325
45	r2	5.1	0.0	0.0
45	rnapol	0.3	0.0	0.0
46	__protein1_rbs	2.4	0.0	0.0
46	__protein2_rbs	2.95	0.0	0.0
46	__protein3_rbs	2.0	0.0	0.0
46	__ribosome	55.75	0.0	0.0
46	__rnase_site_ext	6.55	0.0	0.0
46	p0	0.95	0.0	0.0
46	p1	0.9	0.0	0.0
46	p2	0.55	0.0	0.0
46	protein1	71.3	4.85	2.7789285
46	protein2	67.7	6.5	2.7273214
46	protein3	45.4	4.85	2.77916665
46	r2	5.4	0.0	0.0
46	rnapol	0.15	0.0	0.0
47	__protein1_rbs	2.5	0.0	0.0
47	__protein2_rbs	3.45	0.0	0.0
47	__protein3_rbs	2.0	0.0	0.0
47	__ribosome	56.2	0.0	0.0
47	__rnase_site_ext	6.6	0.0	0.0
47	p0	0.95	0.0	0.0
47	p1	0.85	0.0	0.0
47	p2	0.55	0.0	0.0
47	protein1	74.4	5.05	2.5644048
47	protein2	70.8	6.55	2.7202976000000003
47	protein3	47.95	4.85	2.7899999500000003
47	r2	5.65	0.0	0.0
47	rnapol	0.2	0.0	0.0
48	__protein1_rbs	2.5	0.0	0.0
48	__protein2_rbs	3.3	0.0	0.0
48	__protein3_rbs	2.05	0.0	0.0
48	__ribosome	55.5	0.0	0.0
48	__rnase_site_ext	6.65	0.0	0.0
48	p0	1.0	0.0	0.0
48	p1	0.9	0.0	0.0
48	p2	0.5	0.0	0.0
48	protein1	77.0	5.05	2.62916665
48	protein2	73.85	6.55	2.7592460999999995
48	protein3	50.45	5.1	2.7196428
48	r2	6.0	0.0	0.0
48	rnapol	0.35	0.0	0.0
49	__protein1_rbs	2.35	0.0	0.0
49	__protein2_rbs	3.3	0.0	0.0
49	__protein3_rbs	2.7	0.0	0.0
49	__ribosome	56.15	0.0	0.0
49	__rnase_site_ext	6.65	0.0	0.0
49	p0	0.95	0.0	0.0
49	p1	0.9	0.0	0.0
49	p2	0.65	0.0	0.0
49	protein1	79.75	5.1	2.60904755
49	protein2	77.7	6.55	2.691984
49	protein3	52.85	5.3	2.6188094500000005
49	r2	6.15	0.0	0.0
49	rnapol	0.3	0.0	0.0
50	__protein1_rbs	1.7	0.0	0.0
50	__protein2_rbs	2.95	0.0	0.0
50	__protein3_rbs	2.4	0.0	0.0
50	__ribosome	54.6	0.0	0.0
50	__rnase_site_ext	6.7	0.0	0.0
50	p0	1.0	0.0	0.0
50	p1	0.95	0.0	0.0
50	p2	0.55	0.0	0.0
50	protein1	82.45	5.1	2.7538095
50	protein2	80.95	6.6	2.6700793
50	protein3	55.15	5.55	2.6238095
50	r2	6.45	0.0	0.0
50	rnapol	0.3	0.0	0.0
51	__protein1_rbs	2.25	0.0	0.0
51	__protein2_rbs	3.05	0.0	0.0
51	__protein3_rbs	2.45	0.0	0.0
51	__ribosome	53.85	0.0	0.0
51	__rnase_site_ext	6.7	0.0	0.0
51	p0	0.95	0.0	0.0
51	p1	0.85	0.0	0.0
51	p2	0.6	0.0	0.0
51	protein1	84.65	5.15	2.77226195
51	protein2	84.55	6.6	2.6219643
51	protein3	57.9	5.85	2.56863095
51	r2	6.7	0.0	0.0
51	rnapol	0.6	0.0	0.0
52	__protein1_rbs	2.7	0.0	0.0
52	__protein2_rbs	3.05	0.0	0.0
52	__protein3_rbs	2.9	0.0	0.0
52	__ribosome	54.6	0.0	0.0
52	__rnase_site_ext	6.8	0.0	0.0
52	p0	0.9	0.0	0.0
52	p1	0.8	0.0	0.0
52	p2	0.65	0.0	0.0
52	protein1	87.3	5.15	2.7072619
52	protein2	87.65	6.65	2.5944048
52	protein3	61.1	6.1	2.4170635000000003
52	r2	6.8	0.0	0.0
52	rnapol	0.6	0.0	0.0
53	__protein1_rbs	2.45	0.0	0.0
53	__protein2_rbs	2.75	0.0	0.0
53	__protein3_rbs	2.9	0.0	0.0
53	__ribosome	53.35	0.0	0.0
53	__rnase_site_ext	6.9	0.0	0.0
53	p0	0.85	0.0	0.0
53	p1	0.65	0.0	0.0
53	p2	0.7	0.0	0.0
53	protein1	90.1	5.2	2.6066071
53	protein2	90.6	6.55	2.7546428999999995
53	protein3	63.95	6.35	2.4054562999999995
53	r2	6.85	0.0	0.0
53	rnapol	0.6	0.0	0.0
54	__protein1_rbs	2.5	0.0	0.0
54	__protein2_rbs	3.0	0.0	0.0
54	__protein3_rbs	3.5	0.0	0.0
54	__ribosome	52.4	0.0	0.0
54	__rnase_site_ext	7.05	0.0	0.0
54	p0	0.9	0.0	0.0
54	p1	0.85	0.0	0.0
54	p2	0.8	0.0	0.0
54	protein1	92.7	5.3	2.5228572
54	protein2	94.0	6.6	2.75779765
54	protein3	66.05	6.5	2.4786309499999994
54	r2	6.95	0.0	0.0
54	rnapol	0.8	0.0	0.0
55	__protein1_rbs	2.5	0.0	0.0
55	__protein2_rbs	2.95	0.0	0.0
55	__protein3_rbs	3.5	0.0	0.0
55	__ribosome	51.7	0.0	0.0
55	__rnase_site_ext	7.1	0.0	0.0
55	p0	0.9	0.0	0.0
55	p1	0.9	0.0	0.0
55	p2	0.75	0.0	0.0
55	protein1	95.15	5.4	2.4868452000000003
55	protein2	97.4	6.8	2.73851185
55	protein3	69.2	6.7	2.4509524000000003
55	r2	7.0	0.0	0.0
55	rnapol	0.75	0.0	0.0
56	__protein1_rbs	2.45	0.0	0.0
56	__protein2_rbs	3.4	0.0	0.0
56	__protein3_rbs	2.85	0.0	0.0
56	__ribosome	51.45	0.0	0.0
56	__rnase_site_ext	7.15	0.0	0.0
56	p0	0.85	0.0	0.0
56	p1	0.9	0.0	0.0
56	p2	0.9	0.0	0.0
56	protein1	97.75	5.55	2.52958335
56	protein2	101.15	6.9	2.6292857
56	protein3	72.65	6.8	2.4584524
56	r2	7.1	0.0	0.0
56	rnapol	1.0	0.0	0.0
57	__protein1_rbs	3.05	0.0	0.0
57	__protein2_rbs	3.75	0.0	0.0
57	__protein3_rbs	3.55	0.0	0.0
57	__ribosome	51.4	0.0	0.0
57	__rnase_site_ext	7.3	0.0	0.0
57	p0	0.85	0.0	0.0
57	p1	0.9	0.0	0.0
57	p2	0.95	0.0	0.0
57	protein1	100.55	5.5	2.501011899999999
57	protein2	104.3	6.95	2.5944643000000003
57	protein3	75.55	6.9	2.497619
57	r2	7.05	0.0	0.0
57	rnapol	0.95	0.0	0.0
58	__protein1_rbs	2.7	0.0	0.0
58	__protein2_rbs	3.1	0.0	0.0
58	__protein3_rbs	3.6	0.0	0.0
58	__ribosome	50.75	0.0	0.0
58	__rnase_site_ext	7.35	0.0	0.0
58	p0	0.8	0.0	0.0
58	p1	0.9	0.0	0.0
58	p2	0.9	0.0	0.0
58	protein1	103.3	5.55	2.6438096
58	protein2	108.2	6.95	2.56095235
58	protein3	78.55	6.95	2.5318650000000003
58	r2	6.9	0.0	0.0
58	rnapol	0.95	0.0	0.0
59	__protein1_rbs	2.7	0.0	0.0
59	__protein2_rbs	3.1	0.0	0.0
59	__protein3_rbs	3.25	0.0	0.0
59	__ribosome	49.5	0.0	0.0
59	__rnase_site_ext	7.7	0.0	0.0
59	p0	0.75	0.0	0.0
59	p1	0.9	0.0	0.0
59	p2	0.95	0.0	0.0
59	protein1	105.75	5.65	2.68613095
59	protein2	111.8	6.9	2.546131
59	protein3	81.4	7.0	2.63224205
59	r2	7.05	0.0	0.0
59	rnapol	1.15	0.0	0.0
60	__protein1_rbs	3.1	0.0	0.0
60	__protein2_rbs	3.55	0.0	0.0
60	__protein3_rbs	3.45	0.0	0.0
60	__ribosome	49.55	0.0	0.0
60	__rnase_site_ext	7.95	0.0	0.0
60	p0	0.7	0.0	0.0
60	p1	0.7	0.0	0.0
60	p2	1.0	0.0	0.0
60	protein1	108.65	5.85	2.5306547000000004
60	protein2	115.45	6.9	2.5324603999999997
60	protein3	84.7	7.1	2.63710315
60	r2	7.2	0.0	0.0
60	rnapol	0.85	0.0	0.0
61	__protein1_rbs	3.05	0.0	0.0
61	__protein2_rbs	3.55	0.0	0.0
61	__protein3_rbs	4.05	0.0	0.0
61	__ribosome	50.3	0.0	0.0
61	__rnase_site_ext	8.15	0.0	0.0
61	p0	0.9	0.0	0.0
61	p1	0.7	0.0	0.0
61	p2	0.85	0.0	0.0
61	protein1	111.3	6.15	2.4875595000000006
61	protein2	118.65	6.85	2.5571032
61	protein3	88.6	7.1	2.4727182500000007
61	r2	7.25	0.0	0.0
61	rnapol	0.8	0.0	0.0
62	__protein1_rbs	2.95	0.0	0.0
62	__protein2_rbs	3.55	0.0	0.0
62	__protein3_rbs	3.05	0.0	0.0
62	__ribosome	48.6	0.0	0.0
62	__rnase_site_ext	8.3	0.0	0.0
62	p0	0.75	0.0	0.0
62	p1	0.75	0.0	0.0
62	p2	0.8	0.0	0.0
62	protein1	114.25	6.45	2.41482145
62	protein2	121.5	6.95	2.60837295
62	protein3	91.8	7.05	2.6107341
62	r2	7.25	0.0	0.0
62	rnapol	0.75	0.0	0.0
63	__protein1_rbs	3.35	0.0	0.0
63	__protein2_rbs	2.65	0.0	0.0
63	__protein3_rbs	3.95	0.0	0.0
63	__ribosome	48.25	0.0	0.0
63	__rnase_site_ext	8.3	0.0	0.0
63	p0	0.85	0.0	0.0
63	p1	0.8	0.0	0.0
63	p2	0.7	0.0	0.0
63	protein1	117.3	6.55	2.43085305
63	protein2	125.25	7.15	2.57914685
63	protein3	95.35	7.2	2.518234
63	r2	7.3	0.0	0.0
63	rnapol	0.6	0.0	0.0
64	__protein1_rbs	3.2	0.0	0.0
64	__protein2_rbs	3.95	0.0	0.0
64	__protein3_rbs	3.75	0.0	0.0
64	__ribosome	48.8	0.0	0.0
64	__rnase_site_ext	8.6	0.0	0.0
64	p0	0.85	0.0	0.0
64	p1	0.75	0.0	0.0
64	p2	0.95	0.0	0.0
64	protein1	120.3	6.75	2.44601185
64	protein2	128.95	7.2	2.4588492000000004
64	protein3	99.0	7.25	2.4845039999999994
64	r2	7.3	0.0	0.0
64	rnapol	0.35	0.0	0.0
65	__protein1_rbs	3.15	0.0	0.0
65	__protein2_rbs	3.35	0.0	0.0
65	__protein3_rbs	3.4	0.0	0.0
65	__ribosome	46.9	0.0	0.0
65	__rnase_site_ext	8.6	0.0	0.0
65	p0	1.0	0.0	0.0
65	p1	0.7	0.0	0.0
65	p2	0.8	0.0	0.0
65	protein1	123.0	6.9	2.50492065
65	protein2	132.35	7.3	2.4899007499999994
65	protein3	102.4	7.4	2.5073412500000005
65	r2	7.2	0.0	0.0
65	rnapol	0.4	0.0	0.0
66	__protein1_rbs	3.5	0.0	0.0
66	__protein2_rbs	3.6	0.0	0.0
66	__protein3_rbs	3.1	0.0	0.0
66	__ribosome	45.8	0.0	0.0
66	__rnase_site_ext	8.75	0.0	0.0
66	p0	0.9	0.0	0.0
66	p1	0.7	0.0	0.0
66	p2	0.85	0.0	0.0
66	protein1	126.1	7.0	2.5025793
66	protein2	135.6	7.35	2.5046031500000003
66	protein3	105.65	7.35	2.60519835
66	r2	7.2	0.0	0.0
66	rnapol	0.35	0.0	0.0
67	__protein1_rbs	3.1	0.0	0.0
67	__protein2_rbs	3.9	0.0	0.0
67	__protein3_rbs	3.95	0.0	0.0
67	__ribosome	44.85	0.0	0.0
67	__rnase_site_ext	8.55	0.0	0.0
67	p0	0.95	0.0	0.0
67	p1	0.5	0.0	0.0
67	p2	0.95	0.0	0.0
67	protein1	129.05	7.0	2.66388895
67	protein2	138.75	7.55	2.4910714
67	protein3	109.35	7.35	2.5252579499999994
67	r2	7.4	0.0	0.0
67	rnapol	0.3	0.0	0.0
68	__protein1_rbs	4.05	0.0	0.0
68	__protein2_rbs	4.05	0.0	0.0
68	__protein3_rbs	3.8	0.0	0.0
68	__ribosome	45.9	0.0	0.0
68	__rnase_site_ext	8.5	0.0	0.0
68	p0	0.9	0.0	0.0
68	p1	0.55	0.0	0.0
68	p2	0.85	0.0	0.0
68	protein1	132.65	6.95	2.5461905
68	protein2	142.25	7.7	2.44474205
68	protein3	112.9	7.4	2.480238
68	r2	7.55	0.0	0.0
68	rnapol	0.25	0.0	0.0
69	__protein1_rbs	3.0	0.0	0.0
69	__protein2_rbs	3.9	0.0	0.0
69	__protein3_rbs	3.6	0.0	0.0
69	__ribosome	45.25	0.0	0.0
69	__rnase_site_ext	8.4	0.0	0.0
69	p0	0.95	0.0	0.0
69	p1	0.6	0.0	0.0
69	p2	0.75	0.0	0.0
69	protein1	136.2	6.85	2.5571825499999994
69	protein2	145.75	8.0	2.37793645
69	protein3	116.55	7.35	2.5113889000000005
69	r2	7.6	0.0	0.0
69	rnapol	0.35	0.0	0.0
70	__protein1_rbs	2.95	0.0	0.0
70	__protein2_rbs	4.4	0.0	0.0
70	__protein3_rbs	3.85	0.0	0.0
70	__ribosome	44.6	0.0	0.0
70	__rnase_site_ext	8.4	0.0	0.0
70	p0	0.9	0.0	0.0
70	p1	0.55	0.0	0.0
70	p2	0.7	0.0	0.0
70	protein1	139.2	6.75	2.71234135
70	protein2	149.65	8.4	2.26553385
70	protein3	120.0	7.4	2.4759523500000005
70	r2	7.6	0.0	0.0
70	rnapol	0.35	0.0	0.0
71	__protein1_rbs	3.4	0.0	0.0
71	__protein2_rbs	4.25	0.0	0.0
71	__protein3_rbs	3.1	0.0	0.0
71	__ribosome	44.85	0.0	0.0
71	__rnase_site_ext	8.5	0.0	0.0
71	p0	0.8	0.0	0.0
71	p1	0.65	0.0	0.0
71	p2	0.75	0.0	0.0
71	protein1	143.15	6.75	2.5800001
71	protein2	153.2	8.5	2.2947745
71	protein3	123.9	7.4	2.5172024
71	r2	7.6	0.0	0.0
71	rnapol	0.35	0.0	0.0
72	__protein1_rbs	3.55	0.0	0.0
72	__protein2_rbs	4.6	0.0	0.0
72	__protein3_rbs	3.85	0.0	0.0
72	__ribosome	44.6	0.0	0.0
72	__rnase_site_ext	8.5	0.0	0.0
72	p0	0.85	0.0	0.0
72	p1	0.8	0.0	0.0
72	p2	0.8	0.0	0.0
72	protein1	146.5	6.75	2.5192461
72	protein2	156.9	8.75	2.291995
72	protein3	127.0	7.5	2.5189286000000006
72	r2	7.8	0.0	0.0
72	rnapol	0.2	0.0	0.0
73	__protein1_rbs	3.95	0.0	0.0
73	__protein2_rbs	4.95	0.0	0.0
73	__protein3_rbs	3.35	0.0	0.0
73	__ribosome	45.0	0.0	0.0
73	__rnase_site_ext	8.5	0.0	0.0
73	p0	1.0	0.0	0.0
73	p1	0.8	0.0	0.0
73	p2	0.7	0.0	0.0
73	protein1	150.2	6.85	2.3704167499999995
73	protein2	160.45	8.9	2.316075
73	protein3	130.95	7.6	2.4694445000000003
73	r2	7.95	0.0	0.0
73	rnapol	0.3	0.0	0.0
74	__protein1_rbs	3.65	0.0	0.0
74	__protein2_rbs	4.6	0.0	0.0
74	__protein3_rbs	4.55	0.0	0.0
74	__ribosome	45.05	0.0	0.0
74	__rnase_site_ext	8.5	0.0	0.0
74	p0	0.85	0.0	0.0
74	p1	0.85	0.0	0.0
74	p2	0.65	0.0	0.0
74	protein1	153.35	6.85	2.38575395
74	protein2	164.0	9.0	2.39544555
74	protein3	134.6	7.7	2.3335317000000004
74	r2	8.05	0.0	0.0
74	rnapol	0.25	0.0	0.0
75	__protein1_rbs	3.1	0.0	0.0
75	__protein2_rbs	4.9	0.0	0.0
75	__protein3_rbs	3.9	0.0	0.0
75	__ribosome	44.75	0.0	0.0
75	__rnase_site_ext	8.35	0.0	0.0
75	p0	0.95	0.0	0.0
75	p1	0.9	0.0	0.0
75	p2	0.7	0.0	0.0
75	protein1	157.1	6.85	2.37525785
75	protein2	168.0	9.0	2.3855898000000004
75	protein3	137.6	7.8	2.37505955
75	r2	8.5	0.0	0.0
75	rnapol	0.25	0.0	0.0
76	__protein1_rbs	3.3	0.0	0.0
76	__protein2_rbs	4.25	0.0	0.0
76	__protein3_rbs	3.7	0.0	0.0
76	__ribosome	44.0	0.0	0.0
76	__rnase_site_ext	8.3	0.0	0.0
76	p0	0.95	0.0	0.0
76	p1	0.9	0.0	0.0
76	p2	0.65	0.0	0.0
76	protein1	160.0	6.7	2.4624206
76	protein2	172.25	8.95	2.42991335
76	protein3	141.7	7.95	2.34517855
76	r2	8.5	0.0	0.0
76	rnapol	0.25	0.0	0.0
77	__protein1_rbs	3.3	0.0	0.0
77	__protein2_rbs	4.45	0.0	0.0
77	__protein3_rbs	4.0	0.0	0.0
77	__ribosome	43.1	0.0	0.0
77	__rnase_site_ext	8.3	0.0	0.0
77	p0	0.95	0.0	0.0
77	p1	0.95	0.0	0.0
77	p2	0.4	0.0	0.0
77	protein1	163.35	6.7	2.4745436
77	protein2	176.1	8.9	2.49659985
77	protein3	145.05	7.95	2.4090476
77	r2	8.75	0.0	0.0
77	rnapol	0.3	0.0	0.0
78	__protein1_rbs	3.7	0.0	0.0
78	__protein2_rbs	5.1	0.0	0.0
78	__protein3_rbs	4.35	0.0	0.0
78	__ribosome	44.45	0.0	0.0
78	__rnase_site_ext	8.35	0.0	0.0
78	p0	0.95	0.0	0.0
78	p1	0.7	0.0	0.0
78	p2	0.5	0.0	0.0
78	protein1	166.05	6.65	2.51670635
78	protein2	180.35	8.95	2.4020382499999995
78	protein3	149.3	8.1	2.2443055499999995
78	r2	8.95	0.0	0.0
78	rnapol	0.35	0.0	0.0
79	__protein1_rbs	3.35	0.0	0.0
79	__protein2_rbs	4.65	0.0	0.0
79	__protein3_rbs	4.65	0.0	0.0
79	__ribosome	43.5	0.0	0.0
79	__rnase_site_ext	8.25	0.0	0.0
79	p0	1.0	0.0	0.0
79	p1	0.6	0.0	0.0
79	p2	0.6	0.0	0.0
79	protein1	169.1	6.65	2.5518452000000003
79	protein2	184.35	8.85	2.39478
79	protein3	152.3	8.4	2.27173335
79	r2	9.1	0.0	0.0
79	rnapol	0.5	0.0	0.0
80	__protein1_rbs	2.9	0.0	0.0
80	__protein2_rbs	4.35	0.0	0.0
80	__protein3_rbs	4.95	0.0	0.0
80	__ribosome	42.2	0.0	0.0
80	__rnase_site_ext	8.3	0.0	0.0
80	p0	0.85	0.0	0.0
80	p1	0.75	0.0	0.0
80	p2	0.6	0.0	0.0
80	protein1	172.45	6.7	2.57460325
80	protein2	187.9	8.9	2.5092063
80	protein3	156.1	8.65	2.19047795
80	r2	9.25	0.0	0.0
80	rnapol	0.5	0.0	0.0
81	__protein1_rbs	3.8	0.0	0.0
81	__protein2_rbs	4.75	0.0	0.0
81	__protein3_rbs	5.1	0.0	0.0
81	__ribosome	43.1	0.0	0.0
81	__rnase_site_ext	8.3	0.0	0.0
81	p0	0.9	0.0	0.0
81	p1	0.9	0.0	0.0
81	p2	0.8	0.0	0.0
81	protein1	175.55	6.6	2.5350197999999997
81	protein2	193.05	9.05	2.3546032500000003
81	protein3	159.6	8.8	2.22028495
81	r2	9.35	0.0	0.0
81	rnapol	0.5	0.0	0.0
82	__protein1_rbs	3.6	0.0	0.0
82	__protein2_rbs	5.45	0.0	0.0
82	__protein3_rbs	4.7	0.0	0.0
82	__ribosome	44.4	0.0	0.0
82	__rnase_site_ext	8.4	0.0	0.0
82	p0	0.85	0.0	0.0
82	p1	0.8	0.0	0.0
82	p2	0.8	0.0	0.0
82	protein1	179.25	6.7	2.40742065
82	protein2	197.35	9.2	2.24281745
82	protein3	163.75	9.05	2.16391055
82	r2	9.35	0.0	0.0
82	rnapol	0.7	0.0	0.0
83	__protein1_rbs	3.7	0.0	0.0
83	__protein2_rbs	4.3	0.0	0.0
83	__protein3_rbs	5.0	0.0	0.0
83	__ribosome	41.5	0.0	0.0
83	__rnase_site_ext	8.35	0.0	0.0
83	p0	1.0	0.0	0.0
83	p1	0.8	0.0	0.0
83	p2	0.85	0.0	0.0
83	protein1	182.1	6.75	2.4913491500000005
83	protein2	200.55	9.05	2.4633135
83	protein3	167.0	9.15	2.2745310000000005
83	r2	9.45	0.0	0.0
83	rnapol	0.8	0.0	0.0
84	__protein1_rbs	3.6	0.0	0.0
84	__protein2_rbs	5.05	0.0	0.0
84	__protein3_rbs	4.65	0.0	0.0
84	__ribosome	41.7	0.0	0.0
84	__rnase_site_ext	8.45	0.0	0.0
84	p0	0.9	0.0	0.0
84	p1	1.0	0.0	0.0
84	p2	0.9	0.0	0.0
84	protein1	185.15	6.8	2.43091265
84	protein2	205.3	9.0	2.3979131
84	protein3	170.95	9.25	2.2951081
84	r2	9.4	0.0	0.0
84	rnapol	0.85	0.0	0.0
85	__protein1_rbs	4.2	0.0	0.0
85	__protein2_rbs	3.7	0.0	0.0
85	__protein3_rbs	4.95	0.0	0.0
85	__ribosome	41.5	0.0	0.0
85	__rnase_site_ext	8.65	0.0	0.0
85	p0	0.75	0.0	0.0
85	p1	0.8	0.0	0.0
85	p2	0.9	0.0	0.0
85	protein1	188.8	6.85	2.2579959500000006
85	protein2	209.35	9.05	2.5148828
85	protein3	175.1	9.25	2.291259
85	r2	9.45	0.0	0.0
85	rnapol	0.85	0.0	0.0
86	__protein1_rbs	3.85	0.0	0.0
86	__protein2_rbs	5.05	0.0	0.0
86	__protein3_rbs	5.4	0.0	0.0
86	__ribosome	41.05	0.0	0.0
86	__rnase_site_ext	8.8	0.0	0.0
86	p0	0.8	0.0	0.0
86	p1	0.95	0.0	0.0
86	p2	0.9	0.0	0.0
86	protein1	191.3	7.0	2.28319445
86	protein2	213.45	8.95	2.4989521
86	protein3	178.45	9.3	2.3130664
86	r2	9.6	0.0	0.0
86	rnapol	0.75	0.0	0.0
87	__protein1_rbs	3.75	0.0	0.0
87	__protein2_rbs	4.55	0.0	0.0
87	__protein3_rbs	4.65	0.0	0.0
87	__ribosome	41.1	0.0	0.0
87	__rnase_site_ext	9.1	0.0	0.0
87	p0	0.75	0.0	0.0
87	p1	0.9	0.0	0.0
87	p2	0.75	0.0	0.0
87	protein1	194.6	7.1	2.1991666000000003
87	protein2	217.8	9.1	2.45536435
87	protein3	183.1	9.4	2.2863401999999997
87	r2	9.7	0.0	0.0
87	rnapol	0.85	0.0	0.0
88	__protein1_rbs	4.1	0.0	0.0
88	__protein2_rbs	4.95	0.0	0.0
88	__protein3_rbs	4.9	0.0	0.0
88	__ribosome	41.15	0.0	0.0
88	__rnase_site_ext	9.3	0.0	0.0
88	p0	0.9	0.0	0.0
88	p1	0.7	0.0	0.0
88	p2	0.7	0.0	0.0
88	protein1	197.8	7.3	2.1181349000000003
88	protein2	222.35	9.0	2.40722045
88	protein3	186.95	9.35	2.3816829
88	r2	9.65	0.0	0.0
88	rnapol	0.9	0.0	0.0
89	__protein1_rbs	4.05	0.0	0.0
89	__protein2_rbs	4.5	0.0	0.0
89	__protein3_rbs	5.35	0.0	0.0
89	__ribosome	41.15	0.0	0.0
89	__rnase_site_ext	9.55	0.0	0.0
89	p0	0.9	0.0	0.0
89	p1	0.7	0.0	0.0
89	p2	0.7	0.0	0.0
89	protein1	201.2	7.6	2.0263294
89	protein2	226.4	8.9	2.4393886
89	protein3	190.95	9.45	2.3656672999999997
89	r2	9.6	0.0	0.0
89	rnapol	0.9	0.0	0.0
90	__protein1_rbs	4.35	0.0	0.0
90	__protein2_rbs	5.55	0.0	0.0
90	__protein3_rbs	5.95	0.0	0.0
90	__ribosome	41.9	0.0	0.0
90	__rnase_site_ext	9.65	0.0	0.0
90	p0	0.7	0.0	0.0
90	p1	0.85	0.0	0.0
90	p2	0.85	0.0	0.0
90	protein1	203.45	7.8	2.13069435
90	protein2	230.8	8.95	2.31833865
90	protein3	195.7	9.55	2.250826
90	r2	9.6	0.0	0.0
90	rnapol	0.65	0.0	0.0
91	__protein1_rbs	4.5	0.0	0.0
91	__protein2_rbs	5.05	0.0	0.0
91	__protein3_rbs	5.3	0.0	0.0
91	__ribosome	40.25	0.0	0.0
91	__rnase_site_ext	9.75	0.0	0.0
91	p0	1.0	0.0	0.0
91	p1	0.75	0.0	0.0
91	p2	0.85	0.0	0.0
91	protein1	206.4	7.95	2.1867659
91	protein2	234.55	8.85	2.4004275
91	protein3	199.25	9.75	2.26680555
91	r2	9.65	0.0	0.0
91	rnapol	0.6	0.0	0.0
92	__protein1_rbs	4.4	0.0	0.0
92	__protein2_rbs	4.2	0.0	0.0
92	__protein3_rbs	5.55	0.0	0.0
92	__ribosome	40.85	0.0	0.0
92	__rnase_site_ext	9.8	0.0	0.0
92	p0	0.9	0.0	0.0
92	p1	0.55	0.0	0.0
92	p2	0.8	0.0	0.0
92	protein1	209.95	8.05	2.2254599
92	protein2	239.0	8.9	2.3825415000000003
92	protein3	203.75	9.8	2.1921513
92	r2	9.65	0.0	0.0
92	rnapol	0.5	0.0	0.0
93	__protein1_rbs	4.0	0.0	0.0
93	__protein2_rbs	5.4	0.0	0.0
93	__protein3_rbs	5.0	0.0	0.0
93	__ribosome	41.25	0.0	0.0
93	__rnase_site_ext	9.85	0.0	0.0
93	p0	0.9	0.0	0.0
93	p1	0.55	0.0	0.0
93	p2	0.85	0.0	0.0
93	protein1	213.15	8.05	2.30571435
93	protein2	242.95	8.85	2.3310118500000003
93	protein3	208.8	9.8	2.1535352999999997
93	r2	9.6	0.0	0.0
93	rnapol	0.35	0.0	0.0
94	__protein1_rbs	4.55	0.0	0.0
94	__protein2_rbs	5.35	0.0	0.0
94	__protein3_rbs	5.2	0.0	0.0
94	__ribosome	41.6	0.0	0.0
94	__rnase_site_ext	9.85	0.0	0.0
94	p0	0.95	0.0	0.0
94	p1	0.65	0.0	0.0
94	p2	0.8	0.0	0.0
94	protein1	216.55	8.05	2.402473
94	protein2	247.35	9.05	2.184734850000001
94	protein3	212.95	9.8	2.1873232000000007
94	r2	9.55	0.0	0.0
94	rnapol	0.3	0.0	0.0
95	__protein1_rbs	4.65	0.0	0.0
95	__protein2_rbs	5.45	0.0	0.0
95	__protein3_rbs	4.8	0.0	0.0
95	__ribosome	40.0	0.0	0.0
95	__rnase_site_ext	9.7	0.0	0.0
95	p0	0.9	0.0	0.0
95	p1	0.6	0.0	0.0
95	p2	0.9	0.0	0.0
95	protein1	219.85	8.15	2.293290100000001
95	protein2	250.65	9.25	2.1742063
95	protein3	216.55	9.75	2.3052651
95	r2	9.5	0.0	0.0
95	rnapol	0.35	0.0	0.0
96	__protein1_rbs	4.6	0.0	0.0
96	__protein2_rbs	4.95	0.0	0.0
96	__protein3_rbs	5.4	0.0	0.0
96	__ribosome	39.15	0.0	0.0
96	__rnase_site_ext	9.75	0.0	0.0
96	p0	0.95	0.0	0.0
96	p1	0.65	0.0	0.0
96	p2	0.95	0.0	0.0
96	protein1	222.9	8.1	2.3487067
96	protein2	255.25	9.25	2.1726919999999996
96	protein3	220.3	9.85	2.3337157000000004
96	r2	9.45	0.0	0.0
96	rnapol	0.5	0.0	0.0
97	__protein1_rbs	3.8	0.0	0.0
97	__protein2_rbs	5.0	0.0	0.0
97	__protein3_rbs	5.0	0.0	0.0
97	__ribosome	38.25	0.0	0.0
97	__rnase_site_ext	9.65	0.0	0.0
97	p0	0.85	0.0	0.0
97	p1	0.7	0.0	0.0
97	p2	0.8	0.0	0.0
97	protein1	226.95	8.1	2.3798845
97	protein2	259.05	9.45	2.1787623
97	protein3	224.5	9.8	2.37505085
97	r2	9.55	0.0	0.0
97	rnapol	0.5	0.0	0.0
98	__protein1_rbs	4.4	0.0	0.0
98	__protein2_rbs	5.15	0.0	0.0
98	__protein3_rbs	5.65	0.0	0.0
98	__ribosome	39.1	0.0	0.0
98	__rnase_site_ext	9.6	0.0	0.0
98	p0	0.95	0.0	0.0
98	p1	0.7	0.0	0.0
98	p2	0.6	0.0	0.0
98	protein1	230.75	7.95	2.3056799999999997
98	protein2	262.8	9.65	2.1849238
98	protein3	229.15	9.7	2.3338317
98	r2	9.6	0.0	0.0
98	rnapol	0.45	0.0	0.0
99	__protein1_rbs	4.6	0.0	0.0
99	__protein2_rbs	5.15	0.0	0.0
99	__protein3_rbs	5.15	0.0	0.0
99	__ribosome	38.15	0.0	0.0
99	__rnase_site_ext	9.55	0.0	0.0
99	p0	1.0	0.0	0.0
99	p1	0.75	0.0	0.0
99	p2	0.75	0.0	0.0
99	protein1	234.15	8.0	2.30442275
99	protein2	266.25	9.8	2.23882825
99	protein3	233.45	9.7	2.3318476
99	r2	9.8	0.0	0.0
99	rnapol	0.45	0.0	0.0
100	__protein1_rbs	3.8	0.0	0.0
100	__protein2_rbs	5.0	0.0	0.0
100	__protein3_rbs	5.75	0.0	0.0
100	__ribosome	37.35	0.0	0.0
100	__rnase_site_ext	9.5	0.0	0.0
100	p0	0.95	0.0	0.0
100	p1	0.85	0.0	0.0
100	p2	0.9	0.0	0.0
100	protein1	237.25	8.1	2.30762445
100	protein2	270.1	9.7	2.3733382
100	protein3	238.3	9.8	2.2317730000000005
100	r2	10.0	0.0	0.0
100	rnapol	0.4	0.0	0.0
101	__protein1_rbs	4.65	0.0	0.0
101	__protein2_rbs	5.35	0.0	0.0
101	__protein3_rbs	5.75	0.0	0.0
101	__ribosome	38.4	0.0	0.0
101	__rnase_site_ext	9.5	0.0	0.0
101	p0	0.85	0.0	0.0
101	p1	0.8	0.0	0.0
101	p2	0.6	0.0	0.0
101	protein1	240.95	7.9	2.32508115
101	protein2	274.45	9.8	2.34077405
101	protein3	242.75	9.75	2.2012662
101	r2	10.0	0.0	0.0
101	rnapol	0.35	0.0	0.0
102	__protein1_rbs	4.6	0.0	0.0
102	__protein2_rbs	4.9	0.0	0.0
102	__protein3_rbs	5.45	0.0	0.0
102	__ribosome	38.2	0.0	0.0
102	__rnase_site_ext	9.65	0.0	0.0
102	p0	0.9	0.0	0.0
102	p1	0.75	0.0	0.0
102	p2	0.65	0.0	0.0
102	protein1	245.05	7.9	2.1927147000000002
102	protein2	278.5	9.9	2.3829924
102	protein3	246.9	9.8	2.22539675
102	r2	10.0	0.0	0.0
102	rnapol	0.4	0.0	0.0
103	__protein1_rbs	4.35	0.0	0.0
103	__protein2_rbs	5.4	0.0	0.0
103	__protein3_rbs	6.3	0.0	0.0
103	__ribosome	37.65	0.0	0.0
103	__rnase_site_ext	9.5	0.0	0.0
103	p0	1.0	0.0	0.0
103	p1	0.8	0.0	0.0
103	p2	0.65	0.0	0.0
103	protein1	248.1	7.95	2.2405014000000003
103	protein2	283.05	9.9	2.36998735
103	protein3	250.75	10.05	2.17684345
103	r2	10.2	0.0	0.0
103	rnapol	0.4	0.0	0.0
104	__protein1_rbs	4.65	0.0	0.0
104	__protein2_rbs	5.4	0.0	0.0
104	__protein3_rbs	5.4	0.0	0.0
104	__ribosome	38.0	0.0	0.0
104	__rnase_site_ext	9.5	0.0	0.0
104	p0	0.85	0.0	0.0
104	p1	0.8	0.0	0.0
104	p2	0.65	0.0	0.0
104	protein1	251.6	7.95	2.2062932999999996
104	protein2	287.25	9.95	2.3972047
104	protein3	255.35	9.9	2.2002507499999995
104	r2	10.3	0.0	0.0
104	rnapol	0.25	0.0	0.0
105	__protein1_rbs	4.55	0.0	0.0
105	__protein2_rbs	5.85	0.0	0.0
105	__protein3_rbs	5.45	0.0	0.0
105	__ribosome	38.65	0.0	0.0
105	__rnase_site_ext	9.4	0.0	0.0
105	p0	1.0	0.0	0.0
105	p1	0.8	0.0	0.0
105	p2	0.55	0.0	0.0
105	protein1	255.55	7.95	2.1789682500000005
105	protein2	291.5	10.0	2.3363160999999995
105	protein3	259.5	10.1	2.1466841000000003
105	r2	10.4	0.0	0.0
105	rnapol	0.4	0.0	0.0
106	__protein1_rbs	3.7	0.0	0.0
106	__protein2_rbs	5.65	0.0	0.0
106	__protein3_rbs	5.3	0.0	0.0
106	__ribosome	37.7	0.0	0.0
106	__rnase_site_ext	9.45	0.0	0.0
106	p0	0.9	0.0	0.0
106	p1	0.75	0.0	0.0
106	p2	0.7	0.0	0.0
106	protein1	258.85	8.05	2.27545635
106	protein2	296.2	10.1	2.3053389
106	protein3	264.0	10.2	2.1352845
106	r2	10.55	0.0	0.0
106	rnapol	0.3	0.0	0.0
107	__protein1_rbs	4.6	0.0	0.0
107	__protein2_rbs	5.5	0.0	0.0
107	__protein3_rbs	5.6	0.0	0.0
107	__ribosome	37.75	0.0	0.0
107	__rnase_site_ext	9.4	0.0	0.0
107	p0	0.85	0.0	0.0
107	p1	0.85	0.0	0.0
107	p2	0.7	0.0	0.0
107	protein1	262.0	7.9	2.34252705
107	protein2	301.1	10.15	2.21396075
107	protein3	267.95	10.35	2.1610637
107	r2	10.5	0.0	0.0
107	rnapol	0.4	0.0	0.0
108	__protein1_rbs	4.25	0.0	0.0
108	__protein2_rbs	6.3	0.0	0.0
108	__protein3_rbs	6.2	0.0	0.0
108	__ribosome	37.85	0.0	0.0
108	__rnase_site_ext	9.5	0.0	0.0
108	p0	0.95	0.0	0.0
108	p1	0.9	0.0	0.0
108	p2	0.7	0.0	0.0
108	protein1	265.5	7.85	2.32732685
108	protein2	305.15	10.3	2.162725300000001
108	protein3	271.9	10.45	2.1446970000000003
108	r2	10.45	0.0	0.0
108	rnapol	0.4	0.0	0.0
109	__protein1_rbs	4.2	0.0	0.0
109	__protein2_rbs	5.4	0.0	0.0
109	__protein3_rbs	5.75	0.0	0.0
109	__ribosome	37.5	0.0	0.0
109	__rnase_site_ext	9.5	0.0	0.0
109	p0	0.95	0.0	0.0
109	p1	0.7	0.0	0.0
109	p2	0.75	0.0	0.0
109	protein1	268.7	7.95	2.3299350500000005
109	protein2	310.0	10.25	2.1648387000000002
109	protein3	276.3	10.5	2.15838215
109	r2	10.5	0.0	0.0
109	rnapol	0.6	0.0	0.0
110	__protein1_rbs	4.2	0.0	0.0
110	__protein2_rbs	6.05	0.0	0.0
110	__protein3_rbs	5.55	0.0	0.0
110	__ribosome	36.75	0.0	0.0
110	__rnase_site_ext	9.8	0.0	0.0
110	p0	0.75	0.0	0.0
110	p1	0.9	0.0	0.0
110	p2	0.8	0.0	0.0
110	protein1	272.5	8.0	2.29856065
110	protein2	314.2	10.3	2.1517472
110	protein3	280.3	10.6	2.2539247
110	r2	10.45	0.0	0.0
110	rnapol	0.45	0.0	0.0
111	__protein1_rbs	4.5	0.0	0.0
111	__protein2_rbs	5.65	0.0	0.0
111	__protein3_rbs	5.9	0.0	0.0
111	__ribosome	36.55	0.0	0.0
111	__rnase_site_ext	9.7	0.0	0.0
111	p0	0.95	0.0	0.0
111	p1	0.95	0.0	0.0
111	p2	0.8	0.0	0.0
111	protein1	276.0	8.2	2.27682905
111	protein2	318.3	10.35	2.181161
111	protein3	284.9	10.65	2.2227639
111	r2	10.35	0.0	0.0
111	rnapol	0.65	0.0	0.0
112	__protein1_rbs	4.8	0.0	0.0
112	__protein2_rbs	5.9	0.0	0.0
112	__protein3_rbs	5.85	0.0	0.0
112	__ribosome	36.65	0.0	0.0
112	__rnase_site_ext	9.75	0.0	0.0
112	p0	0.95	0.0	0.0
112	p1	0.7	0.0	0.0
112	p2	0.9	0.0	0.0
112	protein1	279.5	8.25	2.1999386000000003
112	protein2	322.5	10.45	2.1593877999999997
112	protein3	289.3	10.65	2.26236875
112	r2	10.45	0.0	0.0
112	rnapol	0.8	0.0	0.0
113	__protein1_rbs	4.5	0.0	0.0
113	__protein2_rbs	5.9	0.0	0.0
113	__protein3_rbs	5.8	0.0	0.0
113	__ribosome	36.2	0.0	0.0
113	__rnase_site_ext	9.9	0.0	0.0
113	p0	0.75	0.0	0.0
113	p1	0.7	0.0	0.0
113	p2	0.8	0.0	0.0
113	protein1	283.15	8.1	2.2654563999999997
113	protein2	326.8	10.3	2.1895503000000005
113	protein3	294.05	10.8	2.2467943500000005
113	r2	10.6	0.0	0.0
113	rnapol	0.55	0.0	0.0
114	__protein1_rbs	4.95	0.0	0.0
114	__protein2_rbs	5.85	0.0	0.0
114	__protein3_rbs	5.75	0.0	0.0
114	__ribosome	36.25	0.0	0.0
114	__rnase_site_ext	9.9	0.0	0.0
114	p0	0.95	0.0	0.0
114	p1	0.9	0.0	0.0
114	p2	0.7	0.0	0.0
114	protein1	286.45	8.15	2.24037335
114	protein2	331.4	10.4	2.1388939
114	protein3	298.75	10.75	2.2494846
114	r2	10.75	0.0	0.0
114	rnapol	0.55	0.0	0.0
115	__protein1_rbs	4.45	0.0	0.0
115	__protein2_rbs	5.9	0.0	0.0
115	__protein3_rbs	5.75	0.0	0.0
115	__ribosome	35.95	0.0	0.0
115	__rnase_site_ext	9.95	0.0	0.0
115	p0	0.75	0.0	0.0
115	p1	0.85	0.0	0.0
115	p2	0.7	0.0	0.0
115	protein1	289.9	8.2	2.2309794
115	protein2	335.3	10.4	2.1671612000000002
115	protein3	303.15	10.6	2.3022887
115	r2	10.65	0.0	0.0
115	rnapol	0.6	0.0	0.0
116	__protein1_rbs	4.7	0.0	0.0
116	__protein2_rbs	5.85	0.0	0.0
116	__protein3_rbs	5.55	0.0	0.0
116	__ribosome	36.0	0.0	0.0
116	__rnase_site_ext	10.2	0.0	0.0
116	p0	0.85	0.0	0.0
116	p1	0.75	0.0	0.0
116	p2	0.75	0.0	0.0
116	protein1	293.5	8.2	2.21459955
116	protein2	339.95	10.35	2.1410147000000004
116	protein3	307.7	10.65	2.3276015
116	r2	10.7	0.0	0.0
116	rnapol	0.65	0.0	0.0
117	__protein1_rbs	5.15	0.0	0.0
117	__protein2_rbs	6.15	0.0	0.0
117	__protein3_rbs	6.35	0.0	0.0
117	__ribosome	37.15	0.0	0.0
117	__rnase_site_ext	10.4	0.0	0.0
117	p0	0.9	0.0	0.0
117	p1	0.65	0.0	0.0
117	p2	0.9	0.0	0.0
117	protein1	296.85	8.4	2.13694805
117	protein2	344.4	10.35	2.15225225
117	protein3	312.65	10.7	2.2402808
117	r2	10.8	0.0	0.0
117	rnapol	0.65	0.0	0.0
118	__protein1_rbs	5.1	0.0	0.0
118	__protein2_rbs	5.9	0.0	0.0
118	__protein3_rbs	6.05	0.0	0.0
118	__ribosome	36.2	0.0	0.0
118	__rnase_site_ext	10.45	0.0	0.0
118	p0	0.8	0.0	0.0
118	p1	0.6	0.0	0.0
118	p2	0.75	0.0	0.0
118	protein1	300.3	8.55	2.05995125
118	protein2	347.95	10.3	2.2750037
118	protein3	317.5	10.75	2.2167092999999998
118	r2	10.9	0.0	0.0
118	rnapol	0.55	0.0	0.0
119	__protein1_rbs	5.0	0.0	0.0
119	__protein2_rbs	6.25	0.0	0.0
119	__protein3_rbs	6.1	0.0	0.0
119	__ribosome	37.35	0.0	0.0
119	__rnase_site_ext	10.55	0.0	0.0
119	p0	0.95	0.0	0.0
119	p1	0.8	0.0	0.0
119	p2	0.85	0.0	0.0
119	protein1	304.2	8.6	2.03073235
119	protein2	353.0	10.35	2.1612868500000006
119	protein3	321.95	10.7	2.2510129
119	r2	10.9	0.0	0.0
119	rnapol	0.45	0.0	0.0
120	__protein1_rbs	5.45	0.0	0.0
120	__protein2_rbs	5.75	0.0	0.0
120	__protein3_rbs	6.3	0.0	0.0
120	__ribosome	36.8	0.0	0.0
120	__rnase_site_ext	10.6	0.0	0.0
120	p0	0.9	0.0	0.0
120	p1	0.7	0.0	0.0
120	p2	0.85	0.0	0.0
120	protein1	307.55	8.9	2.00629875
120	protein2	356.95	10.5	2.1860889500000003
120	protein3	326.85	10.8	2.2128347500000003
120	r2	10.95	0.0	0.0
120	rnapol	0.4	0.0	0.0
121	__protein1_rbs	4.4	0.0	0.0
121	__protein2_rbs	6.15	0.0	0.0
121	__protein3_rbs	5.9	0.0	0.0
121	__ribosome	35.35	0.0	0.0
121	__rnase_site_ext	10.55	0.0	0.0
121	p0	1.0	0.0	0.0
121	p1	0.7	0.0	0.0
121	p2	0.75	0.0	0.0
121	protein1	310.9	8.9	2.1142334500000004
121	protein2	361.25	10.5	2.1589897000000002
121	protein3	331.55	10.8	2.2425612000000004
121	r2	11.0	0.0	0.0
121	rnapol	0.5	0.0	0.0
122	__protein1_rbs	5.25	0.0	0.0
122	__protein2_rbs	6.1	0.0	0.0
122	__protein3_rbs	6.7	0.0	0.0
122	__ribosome	35.8	0.0	0.0
122	__rnase_site_ext	10.3	0.0	0.0
122	p0	1.0	0.0	0.0
122	p1	0.85	0.0	0.0
122	p2	0.7	0.0	0.0
122	protein1	314.25	8.9	2.1695437
122	protein2	365.95	10.4	2.1436043999999996
122	protein3	335.85	10.8	2.17729515
122	r2	11.05	0.0	0.0
122	rnapol	0.65	0.0	0.0
123	__protein1_rbs	5.25	0.0	0.0
123	__protein2_rbs	6.6	0.0	0.0
123	__protein3_rbs	5.75	0.0	0.0
123	__ribosome	35.35	0.0	0.0
123	__rnase_site_ext	10.55	0.0	0.0
123	p0	0.65	0.0	0.0
123	p1	0.6	0.0	0.0
123	p2	0.8	0.0	0.0
123	protein1	317.85	8.8	2.19449675
123	protein2	369.65	10.65	2.08152015
123	protein3	340.65	10.85	2.20094485
123	r2	11.15	0.0	0.0
123	rnapol	0.45	0.0	0.0
124	__protein1_rbs	5.5	0.0	0.0
124	__protein2_rbs	5.65	0.0	0.0
124	__protein3_rbs	6.3	0.0	0.0
124	__ribosome	34.75	0.0	0.0
124	__rnase_site_ext	10.65	0.0	0.0
124	p0	0.85	0.0	0.0
124	p1	0.8	0.0	0.0
124	p2	0.75	0.0	0.0
124	protein1	321.3	8.8	2.2001768000000004
124	protein2	374.1	10.55	2.1295184
124	protein3	345.05	10.95	2.209254
124	r2	11.25	0.0	0.0
124	rnapol	0.45	0.0	0.0
125	__protein1_rbs	5.15	0.0	0.0
125	__protein2_rbs	6.65	0.0	0.0
125	__protein3_rbs	6.05	0.0	0.0
125	__ribosome	35.5	0.0	0.0
125	__rnase_site_ext	10.85	0.0	0.0
125	p0	0.9	0.0	0.0
125	p1	0.8	0.0	0.0
125	p2	0.75	0.0	0.0
125	protein1	324.95	9.0	2.1095850999999994
125	protein2	378.6	10.7	2.0323046000000002
125	protein3	349.8	11.1	2.1968381
125	r2	11.2	0.0	0.0
125	rnapol	0.4	0.0	0.0
126	__protein1_rbs	5.75	0.0	0.0
126	__protein2_rbs	6.05	0.0	0.0
126	__protein3_rbs	7.0	0.0	0.0
126	__ribosome	36.75	0.0	0.0
126	__rnase_site_ext	10.85	0.0	0.0
126	p0	0.9	0.0	0.0
126	p1	0.7	0.0	0.0
126	p2	0.65	0.0	0.0
126	protein1	329.1	9.1	2.01944265
126	protein2	382.95	10.8	2.04927595
126	protein3	354.45	11.25	2.1035346
126	r2	11.15	0.0	0.0
126	rnapol	0.45	0.0	0.0
127	__protein1_rbs	5.15	0.0	0.0
127	__protein2_rbs	6.1	0.0	0.0
127	__protein3_rbs	6.15	0.0	0.0
127	__ribosome	35.55	0.0	0.0
127	__rnase_site_ext	10.8	0.0	0.0
127	p0	0.95	0.0	0.0
127	p1	0.65	0.0	0.0
127	p2	0.7	0.0	0.0
127	protein1	332.75	9.05	2.05426225
127	protein2	387.55	10.85	2.04637195
127	protein3	358.85	11.3	2.167907
127	r2	11.15	0.0	0.0
127	rnapol	0.35	0.0	0.0
128	__protein1_rbs	5.05	0.0	0.0
128	__protein2_rbs	6.25	0.0	0.0
128	__protein3_rbs	6.45	0.0	0.0
128	__ribosome	34.95	0.0	0.0
128	__rnase_site_ext	10.75	0.0	0.0
128	p0	0.85	0.0	0.0
128	p1	0.8	0.0	0.0
128	p2	0.75	0.0	0.0
128	protein1	336.45	9.15	2.05567795
128	protein2	391.6	10.95	2.0895766
128	protein3	363.65	11.3	2.16527555
128	r2	11.3	0.0	0.0
128	rnapol	0.25	0.0	0.0
129	__protein1_rbs	5.25	0.0	0.0
129	__protein2_rbs	6.75	0.0	0.0
129	__protein3_rbs	6.9	0.0	0.0
129	__ribosome	35.65	0.0	0.0
129	__rnase_site_ext	10.9	0.0	0.0
129	p0	0.9	0.0	0.0
129	p1	1.0	0.0	0.0
129	p2	0.8	0.0	0.0
129	protein1	340.0	9.0	2.11029915
129	protein2	396.0	11.0	2.06746805
129	protein3	368.55	11.4	2.0825560500000004
129	r2	11.3	0.0	0.0
129	rnapol	0.3	0.0	0.0
130	__protein1_rbs	5.8	0.0	0.0
130	__protein2_rbs	6.0	0.0	0.0
130	__protein3_rbs	6.45	0.0	0.0
130	__ribosome	34.7	0.0	0.0
130	__rnase_site_ext	10.95	0.0	0.0
130	p0	0.9	0.0	0.0
130	p1	0.8	0.0	0.0
130	p2	0.65	0.0	0.0
130	protein1	343.75	9.05	2.0504337500000003
130	protein2	400.15	10.95	2.15557965
130	protein3	373.1	11.6	2.08821405
130	r2	11.25	0.0	0.0
130	rnapol	0.25	0.0	0.0
131	__protein1_rbs	5.6	0.0	0.0
131	__protein2_rbs	6.35	0.0	0.0
131	__protein3_rbs	6.8	0.0	0.0
131	__ribosome	33.85	0.0	0.0
131	__rnase_site_ext	10.95	0.0	0.0
131	p0	0.95	0.0	0.0
131	p1	0.7	0.0	0.0
131	p2	0.9	0.0	0.0
131	protein1	347.05	9.2	2.0958369
131	protein2	404.75	10.9	2.17558805
131	protein3	377.3	11.55	2.12987405
131	r2	11.35	0.0	0.0
131	rnapol	0.35	0.0	0.0
132	__protein1_rbs	5.6	0.0	0.0
132	__protein2_rbs	6.9	0.0	0.0
132	__protein3_rbs	7.15	0.0	0.0
132	__ribosome	34.45	0.0	0.0
132	__rnase_site_ext	11.0	0.0	0.0
132	p0	0.85	0.0	0.0
132	p1	0.65	0.0	0.0
132	p2	0.75	0.0	0.0
132	protein1	350.6	9.2	2.1275469
132	protein2	409.25	10.85	2.12875125
132	protein3	382.1	11.75	2.0489260499999995
132	r2	11.35	0.0	0.0
132	rnapol	0.3	0.0	0.0
133	__protein1_rbs	5.6	0.0	0.0
133	__protein2_rbs	6.5	0.0	0.0
133	__protein3_rbs	6.85	0.0	0.0
133	__ribosome	35.05	0.0	0.0
133	__rnase_site_ext	10.8	0.0	0.0
133	p0	0.95	0.0	0.0
133	p1	0.75	0.0	0.0
133	p2	0.75	0.0	0.0
133	protein1	354.5	9.2	2.1023791499999995
133	protein2	413.95	10.95	2.0896201000000003
133	protein3	387.0	11.65	2.05092745
133	r2	11.5	0.0	0.0
133	rnapol	0.4	0.0	0.0
134	__protein1_rbs	5.45	0.0	0.0
134	__protein2_rbs	6.15	0.0	0.0
134	__protein3_rbs	6.8	0.0	0.0
134	__ribosome	33.7	0.0	0.0
134	__rnase_site_ext	10.5	0.0	0.0
134	p0	0.95	0.0	0.0
134	p1	0.7	0.0	0.0
134	p2	0.75	0.0	0.0
134	protein1	358.45	9.15	2.0563258000000006
134	protein2	418.0	11.1	2.17443665
134	protein3	391.4	11.65	2.09868495
134	r2	11.65	0.0	0.0
134	rnapol	0.5	0.0	0.0
135	__protein1_rbs	5.2	0.0	0.0
135	__protein2_rbs	6.85	0.0	0.0
135	__protein3_rbs	6.75	0.0	0.0
135	__ribosome	34.2	0.0	0.0
135	__rnase_site_ext	10.45	0.0	0.0
135	p0	0.9	0.0	0.0
135	p1	0.8	0.0	0.0
135	p2	0.65	0.0	0.0
135	protein1	361.9	8.9	2.13529765
135	protein2	422.85	11.25	2.0985691500000003
135	protein3	396.7	11.6	2.095123
135	r2	11.65	0.0	0.0
135	rnapol	0.6	0.0	0.0
136	__protein1_rbs	5.4	0.0	0.0
136	__protein2_rbs	7.1	0.0	0.0
136	__protein3_rbs	6.65	0.0	0.0
136	__ribosome	34.55	0.0	0.0
136	__rnase_site_ext	10.45	0.0	0.0
136	p0	0.95	0.0	0.0
136	p1	0.8	0.0	0.0
136	p2	0.6	0.0	0.0
136	protein1	365.9	8.7	2.14025255
136	protein2	427.7	11.45	2.02069605
136	protein3	400.95	11.75	2.11844715
136	r2	11.6	0.0	0.0
136	rnapol	0.75	0.0	0.0
137	__protein1_rbs	5.1	0.0	0.0
137	__protein2_rbs	6.45	0.0	0.0
137	__protein3_rbs	6.8	0.0	0.0
137	__ribosome	33.6	0.0	0.0
137	__rnase_site_ext	10.3	0.0	0.0
137	p0	0.95	0.0	0.0
137	p1	0.75	0.0	0.0
137	p2	0.7	0.0	0.0
137	protein1	369.35	8.8	2.1399008000000004
137	protein2	431.75	11.55	2.0779951999999997
137	protein3	406.0	11.7	2.1313642
137	r2	11.6	0.0	0.0
137	rnapol	0.8	0.0	0.0
138	__protein1_rbs	5.35	0.0	0.0
138	__protein2_rbs	6.9	0.0	0.0
138	__protein3_rbs	7.0	0.0	0.0
138	__ribosome	33.35	0.0	0.0
138	__rnase_site_ext	10.2	0.0	0.0
138	p0	0.85	0.0	0.0
138	p1	0.85	0.0	0.0
138	p2	0.9	0.0	0.0
138	protein1	372.7	8.7	2.17817275
138	protein2	436.2	11.45	2.06914385
138	protein3	410.4	11.9	2.1498672
138	r2	11.6	0.0	0.0
138	rnapol	0.9	0.0	0.0
139	__protein1_rbs	4.55	0.0	0.0
139	__protein2_rbs	6.5	0.0	0.0
139	__protein3_rbs	7.1	0.0	0.0
139	__ribosome	33.85	0.0	0.0
139	__rnase_site_ext	10.35	0.0	0.0
139	p0	0.85	0.0	0.0
139	p1	0.85	0.0	0.0
139	p2	0.85	0.0	0.0
139	protein1	377.15	8.6	2.16759745
139	protein2	441.1	11.45	2.0797278
139	protein3	415.35	11.95	2.1196201
139	r2	11.55	0.0	0.0
139	rnapol	0.75	0.0	0.0
140	__protein1_rbs	4.8	0.0	0.0
140	__protein2_rbs	7.55	0.0	0.0
140	__protein3_rbs	7.05	0.0	0.0
140	__ribosome	34.4	0.0	0.0
140	__rnase_site_ext	10.4	0.0	0.0
140	p0	0.85	0.0	0.0
140	p1	0.8	0.0	0.0
140	p2	0.85	0.0	0.0
140	protein1	380.7	8.6	2.17063665
140	protein2	445.6	11.5	2.0349026500000003
140	protein3	419.9	11.85	2.11328365
140	r2	11.65	0.0	0.0
140	rnapol	0.75	0.0	0.0
141	__protein1_rbs	5.3	0.0	0.0
141	__protein2_rbs	6.55	0.0	0.0
141	__protein3_rbs	7.55	0.0	0.0
141	__ribosome	34.45	0.0	0.0
141	__rnase_site_ext	10.6	0.0	0.0
141	p0	0.95	0.0	0.0
141	p1	0.9	0.0	0.0
141	p2	0.75	0.0	0.0
141	protein1	384.0	8.65	2.16554495
141	protein2	450.05	11.5	2.03587085
141	protein3	424.65	11.85	2.08094825
141	r2	11.85	0.0	0.0
141	rnapol	0.65	0.0	0.0
142	__protein1_rbs	4.95	0.0	0.0
142	__protein2_rbs	7.05	0.0	0.0
142	__protein3_rbs	6.65	0.0	0.0
142	__ribosome	34.4	0.0	0.0
142	__rnase_site_ext	10.45	0.0	0.0
142	p0	0.9	0.0	0.0
142	p1	0.9	0.0	0.0
142	p2	0.6	0.0	0.0
142	protein1	387.15	8.8	2.2033021
142	protein2	454.9	11.75	1.98027
142	protein3	430.35	11.8	2.0027239
142	r2	11.75	0.0	0.0
142	rnapol	0.75	0.0	0.0
143	__protein1_rbs	4.9	0.0	0.0
143	__protein2_rbs	6.65	0.0	0.0
143	__protein3_rbs	7.05	0.0	0.0
143	__ribosome	33.8	0.0	0.0
143	__rnase_site_ext	10.4	0.0	0.0
143	p0	0.9	0.0	0.0
143	p1	0.85	0.0	0.0
143	p2	0.65	0.0	0.0
143	protein1	390.55	8.7	2.2463522
143	protein2	459.25	11.6	2.0508039
143	protein3	435.0	11.8	1.989292
143	r2	11.8	0.0	0.0
143	rnapol	0.9	0.0	0.0
144	__protein1_rbs	4.9	0.0	0.0
144	__protein2_rbs	7.45	0.0	0.0
144	__protein3_rbs	6.65	0.0	0.0
144	__ribosome	34.2	0.0	0.0
144	__rnase_site_ext	10.35	0.0	0.0
144	p0	0.8	0.0	0.0
144	p1	0.9	0.0	0.0
144	p2	0.75	0.0	0.0
144	protein1	394.55	8.65	2.23412875
144	protein2	464.35	11.55	1.97875605
144	protein3	439.15	11.85	2.0765706
144	r2	11.8	0.0	0.0
144	rnapol	0.95	0.0	0.0
145	__protein1_rbs	4.65	0.0	0.0
145	__protein2_rbs	6.65	0.0	0.0
145	__protein3_rbs	7.4	0.0	0.0
145	__ribosome	33.7	0.0	0.0
145	__rnase_site_ext	10.45	0.0	0.0
145	p0	0.85	0.0	0.0
145	p1	0.9	0.0	0.0
145	p2	0.8	0.0	0.0
145	protein1	398.75	8.55	2.2260606
145	protein2	468.15	11.4	2.08808605
145	protein3	443.95	11.95	2.0584282000000003
145	r2	11.95	0.0	0.0
145	rnapol	1.0	0.0	0.0
146	__protein1_rbs	5.2	0.0	0.0
146	__protein2_rbs	7.2	0.0	0.0
146	__protein3_rbs	6.7	0.0	0.0
146	__ribosome	33.4	0.0	0.0
146	__rnase_site_ext	10.65	0.0	0.0
146	p0	0.95	0.0	0.0
146	p1	0.65	0.0	0.0
146	p2	0.8	0.0	0.0
146	protein1	402.05	8.7	2.22698555
146	protein2	473.1	11.45	2.0017649
146	protein3	448.1	12.05	2.10993795
146	r2	12.0	0.0	0.0
146	rnapol	0.85	0.0	0.0
147	__protein1_rbs	5.45	0.0	0.0
147	__protein2_rbs	6.8	0.0	0.0
147	__protein3_rbs	7.05	0.0	0.0
147	__ribosome	33.8	0.0	0.0
147	__rnase_site_ext	10.85	0.0	0.0
147	p0	0.9	0.0	0.0
147	p1	0.75	0.0	0.0
147	p2	0.7	0.0	0.0
147	protein1	405.6	8.8	2.1281897
147	protein2	477.55	11.45	2.0289820999999995
147	protein3	453.4	12.15	2.0834806
147	r2	12.2	0.0	0.0
147	rnapol	0.75	0.0	0.0
148	__protein1_rbs	5.45	0.0	0.0
148	__protein2_rbs	7.4	0.0	0.0
148	__protein3_rbs	7.2	0.0	0.0
148	__ribosome	34.9	0.0	0.0
148	__rnase_site_ext	10.9	0.0	0.0
148	p0	0.9	0.0	0.0
148	p1	0.8	0.0	0.0
148	p2	0.85	0.0	0.0
148	protein1	409.45	9.0	2.0398252
148	protein2	482.25	11.55	1.9484918000000002
148	protein3	458.15	12.0	2.1284486
148	r2	12.15	0.0	0.0
148	rnapol	0.7	0.0	0.0
149	__protein1_rbs	5.1	0.0	0.0
149	__protein2_rbs	7.25	0.0	0.0
149	__protein3_rbs	7.1	0.0	0.0
149	__ribosome	34.55	0.0	0.0
149	__rnase_site_ext	11.0	0.0	0.0
149	p0	0.85	0.0	0.0
149	p1	0.9	0.0	0.0
149	p2	0.75	0.0	0.0
149	protein1	413.4	9.05	2.01973335
149	protein2	486.25	11.75	1.9803987
149	protein3	463.65	12.15	2.05988395
149	r2	12.05	0.0	0.0
149	rnapol	0.55	0.0	0.0
150	__protein1_rbs	5.0	0.0	0.0
150	__protein2_rbs	7.25	0.0	0.0
150	__protein3_rbs	6.95	0.0	0.0
150	__ribosome	34.3	0.0	0.0
150	__rnase_site_ext	11.05	0.0	0.0
150	p0	0.85	0.0	0.0
150	p1	0.85	0.0	0.0
150	p2	0.8	0.0	0.0
150	protein1	416.8	9.2	2.04697595
150	protein2	491.1	11.65	1.96362045
150	protein3	468.35	12.05	2.0829923
150	r2	12.0	0.0	0.0
150	rnapol	0.65	0.0	0.0
151	__protein1_rbs	5.3	0.0	0.0
151	__protein2_rbs	6.65	0.0	0.0
151	__protein3_rbs	6.75	0.0	0.0
151	__ribosome	33.25	0.0	0.0
151	__rnase_site_ext	11.0	0.0	0.0
151	p0	0.8	0.0	0.0
151	p1	0.8	0.0	0.0
151	p2	0.85	0.0	0.0
151	protein1	420.65	9.25	2.0477658999999995
151	protein2	495.7	11.55	2.0085418
151	protein3	473.1	12.15	2.1229317999999995
151	r2	12.1	0.0	0.0
151	rnapol	0.55	0.0	0.0
152	__protein1_rbs	5.1	0.0	0.0
152	__protein2_rbs	7.0	0.0	0.0
152	__protein3_rbs	7.4	0.0	0.0
152	__ribosome	32.9	0.0	0.0
152	__rnase_site_ext	11.25	0.0	0.0
152	p0	0.95	0.0	0.0
152	p1	0.7	0.0	0.0
152	p2	0.9	0.0	0.0
152	protein1	423.95	9.25	2.1222604
152	protein2	499.85	11.55	1.9982583
152	protein3	477.8	12.1	2.0964735
152	r2	12.25	0.0	0.0
152	rnapol	0.5	0.0	0.0
153	__protein1_rbs	5.95	0.0	0.0
153	__protein2_rbs	6.85	0.0	0.0
153	__protein3_rbs	7.4	0.0	0.0
153	__ribosome	32.5	0.0	0.0
153	__rnase_site_ext	11.25	0.0	0.0
153	p0	0.75	0.0	0.0
153	p1	0.7	0.0	0.0
153	p2	0.85	0.0	0.0
153	protein1	427.45	9.45	2.0399216
153	protein2	504.1	11.4	2.05481675
153	protein3	482.35	12.25	2.0938678
153	r2	12.2	0.0	0.0
153	rnapol	0.45	0.0	0.0
154	__protein1_rbs	5.55	0.0	0.0
154	__protein2_rbs	7.2	0.0	0.0
154	__protein3_rbs	7.75	0.0	0.0
154	__ribosome	33.25	0.0	0.0
154	__rnase_site_ext	11.5	0.0	0.0
154	p0	0.85	0.0	0.0
154	p1	0.7	0.0	0.0
154	p2	0.8	0.0	0.0
154	protein1	431.3	9.4	2.06046625
154	protein2	508.9	11.35	2.0122227
154	protein3	487.35	12.3	2.073791
154	r2	12.2	0.0	0.0
154	rnapol	0.3	0.0	0.0
155	__protein1_rbs	6.45	0.0	0.0
155	__protein2_rbs	6.95	0.0	0.0
155	__protein3_rbs	7.0	0.0	0.0
155	__ribosome	33.5	0.0	0.0
155	__rnase_site_ext	11.5	0.0	0.0
155	p0	0.85	0.0	0.0
155	p1	0.75	0.0	0.0
155	p2	0.75	0.0	0.0
155	protein1	435.3	9.7	1.9220047000000005
155	protein2	513.2	11.45	2.0280843999999996
155	protein3	492.55	12.35	2.08118815
155	r2	12.25	0.0	0.0
155	rnapol	0.3	0.0	0.0
156	__protein1_rbs	5.95	0.0	0.0
156	__protein2_rbs	6.6	0.0	0.0
156	__protein3_rbs	7.0	0.0	0.0
156	__ribosome	33.4	0.0	0.0
156	__rnase_site_ext	11.55	0.0	0.0
156	p0	0.9	0.0	0.0
156	p1	0.7	0.0	0.0
156	p2	0.85	0.0	0.0
156	protein1	439.25	9.6	1.9384796
156	protein2	517.55	11.45	2.0652315
156	protein3	497.85	12.25	2.09141295
156	r2	12.2	0.0	0.0
156	rnapol	0.3	0.0	0.0
157	__protein1_rbs	5.85	0.0	0.0
157	__protein2_rbs	5.95	0.0	0.0
157	__protein3_rbs	7.6	0.0	0.0
157	__ribosome	33.1	0.0	0.0
157	__rnase_site_ext	11.5	0.0	0.0
157	p0	1.0	0.0	0.0
157	p1	0.7	0.0	0.0
157	p2	0.8	0.0	0.0
157	protein1	442.85	9.65	1.9178932499999997
157	protein2	521.9	11.4	2.15030555
157	protein3	502.85	12.3	2.02860995
157	r2	12.05	0.0	0.0
157	rnapol	0.5	0.0	0.0
158	__protein1_rbs	4.95	0.0	0.0
158	__protein2_rbs	7.2	0.0	0.0
158	__protein3_rbs	6.7	0.0	0.0
158	__ribosome	32.45	0.0	0.0
158	__rnase_site_ext	11.55	0.0	0.0
158	p0	0.85	0.0	0.0
158	p1	0.65	0.0	0.0
158	p2	0.8	0.0	0.0
158	protein1	446.05	9.75	2.0043757500000003
158	protein2	527.25	11.5	2.0083197
158	protein3	507.4	12.45	2.0599891500000003
158	r2	12.1	0.0	0.0
158	rnapol	0.4	0.0	0.0
159	__protein1_rbs	6.15	0.0	0.0
159	__protein2_rbs	7.0	0.0	0.0
159	__protein3_rbs	7.2	0.0	0.0
159	__ribosome	32.4	0.0	0.0
159	__rnase_site_ext	11.55	0.0	0.0
159	p0	0.95	0.0	0.0
159	p1	0.6	0.0	0.0
159	p2	0.8	0.0	0.0
159	protein1	449.7	9.65	2.01654275
159	protein2	531.4	11.6	2.0250706000000003
159	protein3	512.25	12.5	2.0520202500000004
159	r2	12.2	0.0	0.0
159	rnapol	0.45	0.0	0.0
160	__protein1_rbs	5.95	0.0	0.0
160	__protein2_rbs	7.1	0.0	0.0
160	__protein3_rbs	7.1	0.0	0.0
160	__ribosome	33.0	0.0	0.0
160	__rnase_site_ext	11.5	0.0	0.0
160	p0	0.9	0.0	0.0
160	p1	0.7	0.0	0.0
160	p2	0.75	0.0	0.0
160	protein1	453.65	9.7	2.0017841
160	protein2	536.35	11.65	1.9637531000000004
160	protein3	517.45	12.6	2.0436178
160	r2	12.3	0.0	0.0
160	rnapol	0.35	0.0	0.0
161	__protein1_rbs	5.95	0.0	0.0
161	__protein2_rbs	7.45	0.0	0.0
161	__protein3_rbs	6.9	0.0	0.0
161	__ribosome	31.75	0.0	0.0
161	__rnase_site_ext	11.4	0.0	0.0
161	p0	0.95	0.0	0.0
161	p1	0.55	0.0	0.0
161	p2	0.8	0.0	0.0
161	protein1	457.1	9.7	1.9992226
161	protein2	540.3	11.85	1.9513947
161	protein3	522.25	12.5	2.1389136000000004
161	r2	12.3	0.0	0.0
161	rnapol	0.4	0.0	0.0
162	__protein1_rbs	5.7	0.0	0.0
162	__protein2_rbs	7.25	0.0	0.0
162	__protein3_rbs	7.8	0.0	0.0
162	__ribosome	32.4	0.0	0.0
162	__rnase_site_ext	11.5	0.0	0.0
162	p0	0.8	0.0	0.0
162	p1	0.8	0.0	0.0
162	p2	0.65	0.0	0.0
162	protein1	460.4	9.7	2.0690015500000003
162	protein2	545.95	11.7	1.8938423500000003
162	protein3	526.75	12.5	2.1283676
162	r2	12.3	0.0	0.0
162	rnapol	0.35	0.0	0.0
163	__protein1_rbs	6.0	0.0	0.0
163	__protein2_rbs	7.5	0.0	0.0
163	__protein3_rbs	7.65	0.0	0.0
163	__ribosome	33.35	0.0	0.0
163	__rnase_site_ext	11.35	0.0	0.0
163	p0	1.0	0.0	0.0
163	p1	0.9	0.0	0.0
163	p2	0.7	0.0	0.0
163	protein1	464.7	9.7	2.01350245
163	protein2	550.1	12.15	1.87542285
163	protein3	532.5	12.45	2.0593317000000004
163	r2	12.4	0.0	0.0
163	rnapol	0.5	0.0	0.0
164	__protein1_rbs	6.15	0.0	0.0
164	__protein2_rbs	6.9	0.0	0.0
164	__protein3_rbs	7.5	0.0	0.0
164	__ribosome	31.6	0.0	0.0
164	__rnase_site_ext	11.3	0.0	0.0
164	p0	0.85	0.0	0.0
164	p1	0.9	0.0	0.0
164	p2	0.75	0.0	0.0
164	protein1	468.05	9.65	2.04416845
164	protein2	554.05	12.15	1.9869256000000002
164	protein3	537.45	12.45	2.0758395
164	r2	12.35	0.0	0.0
164	rnapol	0.55	0.0	0.0
165	__protein1_rbs	5.65	0.0	0.0
165	__protein2_rbs	7.85	0.0	0.0
165	__protein3_rbs	7.0	0.0	0.0
165	__ribosome	32.45	0.0	0.0
165	__rnase_site_ext	11.45	0.0	0.0
165	p0	0.85	0.0	0.0
165	p1	0.95	0.0	0.0
165	p2	0.75	0.0	0.0
165	protein1	472.2	9.5	2.0226343
165	protein2	558.7	12.1	1.93221115
165	protein3	542.45	12.5	2.0811160499999994
165	r2	12.6	0.0	0.0
165	rnapol	0.35	0.0	0.0
166	__protein1_rbs	5.95	0.0	0.0
166	__protein2_rbs	7.45	0.0	0.0
166	__protein3_rbs	7.9	0.0	0.0
166	__ribosome	32.95	0.0	0.0
166	__rnase_site_ext	11.55	0.0	0.0
166	p0	1.0	0.0	0.0
166	p1	0.75	0.0	0.0
166	p2	0.65	0.0	0.0
166	protein1	475.9	9.7	2.0121855500000003
166	protein2	563.2	12.15	1.93471865
166	protein3	547.85	12.65	1.99778915
166	r2	12.75	0.0	0.0
166	rnapol	0.4	0.0	0.0
167	__protein1_rbs	6.55	0.0	0.0
167	__protein2_rbs	7.45	0.0	0.0
167	__protein3_rbs	7.65	0.0	0.0
167	__ribosome	32.4	0.0	0.0
167	__rnase_site_ext	11.55	0.0	0.0
167	p0	0.95	0.0	0.0
167	p1	0.8	0.0	0.0
167	p2	0.6	0.0	0.0
167	protein1	479.6	9.8	1.9324801999999999
167	protein2	567.6	12.15	1.94145605
167	protein3	552.3	12.75	2.0535565999999994
167	r2	12.6	0.0	0.0
167	rnapol	0.4	0.0	0.0
168	__protein1_rbs	6.1	0.0	0.0
168	__protein2_rbs	7.55	0.0	0.0
168	__protein3_rbs	8.0	0.0	0.0
168	__ribosome	33.15	0.0	0.0
168	__rnase_site_ext	11.4	0.0	0.0
168	p0	0.9	0.0	0.0
168	p1	0.9	0.0	0.0
168	p2	0.6	0.0	0.0
168	protein1	483.4	9.7	1.93660795
168	protein2	572.75	12.25	1.87349485
168	protein3	557.15	12.85	2.0364343499999995
168	r2	12.55	0.0	0.0
168	rnapol	0.45	0.0	0.0
169	__protein1_rbs	5.75	0.0	0.0
169	__protein2_rbs	7.2	0.0	0.0
169	__protein3_rbs	7.95	0.0	0.0
169	__ribosome	32.8	0.0	0.0
169	__rnase_site_ext	11.4	0.0	0.0
169	p0	0.95	0.0	0.0
169	p1	0.85	0.0	0.0
169	p2	0.9	0.0	0.0
169	protein1	486.65	9.75	1.9912353
169	protein2	577.3	12.1	1.9503215000000005
169	protein3	562.3	12.8	1.99364415
169	r2	12.7	0.0	0.0
169	rnapol	0.45	0.0	0.0
170	__protein1_rbs	5.55	0.0	0.0
170	__protein2_rbs	7.7	0.0	0.0
170	__protein3_rbs	7.95	0.0	0.0
170	__ribosome	32.45	0.0	0.0
170	__rnase_site_ext	11.2	0.0	0.0
170	p0	1.0	0.0	0.0
170	p1	0.8	0.0	0.0
170	p2	0.65	0.0	0.0
170	protein1	491.0	9.6	2.0086904
170	protein2	581.25	12.15	1.98588885
170	protein3	567.75	13.05	1.9379032
170	r2	12.85	0.0	0.0
170	rnapol	0.75	0.0	0.0
171	__protein1_rbs	5.5	0.0	0.0
171	__protein2_rbs	7.25	0.0	0.0
171	__protein3_rbs	7.55	0.0	0.0
171	__ribosome	31.55	0.0	0.0
171	__rnase_site_ext	11.2	0.0	0.0
171	p0	0.95	0.0	0.0
171	p1	0.8	0.0	0.0
171	p2	0.6	0.0	0.0
171	protein1	494.55	9.5	2.10623015
171	protein2	586.1	12.05	2.01006125
171	protein3	572.65	13.1	1.9808012
171	r2	12.8	0.0	0.0
171	rnapol	0.7	0.0	0.0
172	__protein1_rbs	5.4	0.0	0.0
172	__protein2_rbs	7.7	0.0	0.0
172	__protein3_rbs	7.75	0.0	0.0
172	__ribosome	31.0	0.0	0.0
172	__rnase_site_ext	11.15	0.0	0.0
172	p0	0.85	0.0	0.0
172	p1	0.6	0.0	0.0
172	p2	0.7	0.0	0.0
172	protein1	498.3	9.35	2.1473413000000003
172	protein2	590.5	12.25	1.9432143500000003
172	protein3	577.2	12.9	2.0655047000000004
172	r2	12.55	0.0	0.0
172	rnapol	0.65	0.0	0.0
173	__protein1_rbs	6.2	0.0	0.0
173	__protein2_rbs	7.45	0.0	0.0
173	__protein3_rbs	8.25	0.0	0.0
173	__ribosome	30.95	0.0	0.0
173	__rnase_site_ext	11.25	0.0	0.0
173	p0	0.85	0.0	0.0
173	p1	0.8	0.0	0.0
173	p2	0.9	0.0	0.0
173	protein1	501.4	9.3	2.1626371
173	protein2	595.35	12.1	1.9796892
173	protein3	582.35	13.15	2.0028987000000003
173	r2	12.55	0.0	0.0
173	rnapol	0.65	0.0	0.0
174	__protein1_rbs	5.85	0.0	0.0
174	__protein2_rbs	7.55	0.0	0.0
174	__protein3_rbs	8.05	0.0	0.0
174	__ribosome	30.85	0.0	0.0
174	__rnase_site_ext	11.45	0.0	0.0
174	p0	0.85	0.0	0.0
174	p1	0.8	0.0	0.0
174	p2	0.9	0.0	0.0
174	protein1	505.3	9.45	2.0981277
174	protein2	599.75	12.25	1.9953410500000004
174	protein3	587.2	13.25	1.9883122
174	r2	12.6	0.0	0.0
174	rnapol	0.75	0.0	0.0
175	__protein1_rbs	5.5	0.0	0.0
175	__protein2_rbs	6.9	0.0	0.0
175	__protein3_rbs	8.65	0.0	0.0
175	__ribosome	31.5	0.0	0.0
175	__rnase_site_ext	11.4	0.0	0.0
175	p0	0.9	0.0	0.0
175	p1	0.9	0.0	0.0
175	p2	0.8	0.0	0.0
175	protein1	509.2	9.45	2.0634055
175	protein2	604.45	12.4	2.01652505
175	protein3	592.5	13.0	1.9465182
175	r2	12.7	0.0	0.0
175	rnapol	0.9	0.0	0.0
176	__protein1_rbs	5.9	0.0	0.0
176	__protein2_rbs	8.05	0.0	0.0
176	__protein3_rbs	8.0	0.0	0.0
176	__ribosome	32.5	0.0	0.0
176	__rnase_site_ext	11.45	0.0	0.0
176	p0	0.9	0.0	0.0
176	p1	0.85	0.0	0.0
176	p2	0.85	0.0	0.0
176	protein1	513.3	9.4	2.0015035
176	protein2	609.25	12.45	1.9777928
176	protein3	597.4	12.95	1.9681936000000004
176	r2	12.6	0.0	0.0
176	rnapol	0.95	0.0	0.0
177	__protein1_rbs	5.35	0.0	0.0
177	__protein2_rbs	7.3	0.0	0.0
177	__protein3_rbs	7.95	0.0	0.0
177	__ribosome	32.65	0.0	0.0
177	__rnase_site_ext	11.7	0.0	0.0
177	p0	0.85	0.0	0.0
177	p1	0.9	0.0	0.0
177	p2	0.8	0.0	0.0
177	protein1	517.2	9.35	1.9864610000000005
177	protein2	613.9	12.45	2.04483975
177	protein3	602.95	12.95	1.8974532
177	r2	12.65	0.0	0.0
177	rnapol	0.8	0.0	0.0
178	__protein1_rbs	5.65	0.0	0.0
178	__protein2_rbs	7.6	0.0	0.0
178	__protein3_rbs	7.6	0.0	0.0
178	__ribosome	31.2	0.0	0.0
178	__rnase_site_ext	11.55	0.0	0.0
178	p0	0.9	0.0	0.0
178	p1	0.95	0.0	0.0
178	p2	0.85	0.0	0.0
178	protein1	520.65	9.5	1.98210165
178	protein2	618.85	12.5	2.0261702999999995
178	protein3	607.6	13.1	1.94939785
178	r2	12.7	0.0	0.0
178	rnapol	0.9	0.0	0.0
179	__protein1_rbs	5.3	0.0	0.0
179	__protein2_rbs	7.7	0.0	0.0
179	__protein3_rbs	7.55	0.0	0.0
179	__ribosome	30.3	0.0	0.0
179	__rnase_site_ext	11.55	0.0	0.0
179	p0	0.9	0.0	0.0
179	p1	0.9	0.0	0.0
179	p2	0.75	0.0	0.0
179	protein1	524.2	9.4	2.11481075
179	protein2	623.0	12.55	2.0669888500000004
179	protein3	613.3	12.95	1.9533013500000005
179	r2	12.95	0.0	0.0
179	rnapol	0.95	0.0	0.0
180	__protein1_rbs	6.1	0.0	0.0
180	__protein2_rbs	7.3	0.0	0.0
180	__protein3_rbs	8.45	0.0	0.0
180	__ribosome	31.45	0.0	0.0
180	__rnase_site_ext	11.85	0.0	0.0
180	p0	0.75	0.0	0.0
180	p1	0.85	0.0	0.0
180	p2	0.75	0.0	0.0
180	protein1	528.05	9.45	2.04028235
180	protein2	628.6	12.35	2.05517825
180	protein3	617.6	12.9	1.978149
180	r2	13.0	0.0	0.0
180	rnapol	0.8	0.0	0.0
181	__protein1_rbs	6.2	0.0	0.0
181	__protein2_rbs	7.05	0.0	0.0
181	__protein3_rbs	7.7	0.0	0.0
181	__ribosome	30.0	0.0	0.0
181	__rnase_site_ext	11.95	0.0	0.0
181	p0	0.75	0.0	0.0
181	p1	0.75	0.0	0.0
181	p2	0.7	0.0	0.0
181	protein1	531.5	9.65	1.9812353000000005
181	protein2	633.05	12.2	2.1465561499999994
181	protein3	622.2	13.05	2.00765745
181	r2	12.85	0.0	0.0
181	rnapol	0.6	0.0	0.0
182	__protein1_rbs	6.25	0.0	0.0
182	__protein2_rbs	7.9	0.0	0.0
182	__protein3_rbs	7.7	0.0	0.0
182	__ribosome	31.4	0.0	0.0
182	__rnase_site_ext	12.05	0.0	0.0
182	p0	0.85	0.0	0.0
182	p1	0.8	0.0	0.0
182	p2	0.8	0.0	0.0
182	protein1	535.4	9.85	1.94287165
182	protein2	638.4	12.2	2.02834515
182	protein3	627.15	13.05	2.00220115
182	r2	12.9	0.0	0.0
182	rnapol	0.35	0.0	0.0
183	__protein1_rbs	6.0	0.0	0.0
183	__protein2_rbs	7.95	0.0	0.0
183	__protein3_rbs	7.9	0.0	0.0
183	__ribosome	31.6	0.0	0.0
183	__rnase_site_ext	12.25	0.0	0.0
183	p0	0.9	0.0	0.0
183	p1	0.8	0.0	0.0
183	p2	0.7	0.0	0.0
183	protein1	539.3	10.0	1.94511825
183	protein2	642.85	12.25	2.0103962
183	protein3	632.5	13.25	1.9551795
183	r2	13.05	0.0	0.0
183	rnapol	0.4	0.0	0.0
184	__protein1_rbs	5.95	0.0	0.0
184	__protein2_rbs	7.75	0.0	0.0
184	__protein3_rbs	7.5	0.0	0.0
184	__ribosome	31.35	0.0	0.0
184	__rnase_site_ext	12.0	0.0	0.0
184	p0	0.95	0.0	0.0
184	p1	0.85	0.0	0.0
184	p2	0.7	0.0	0.0
184	protein1	543.0	10.15	1.94032015
184	protein2	648.0	12.3	1.946957
184	protein3	637.4	13.2	2.01692285
184	r2	12.9	0.0	0.0
184	rnapol	0.4	0.0	0.0
185	__protein1_rbs	6.35	0.0	0.0
185	__protein2_rbs	8.05	0.0	0.0
185	__protein3_rbs	8.15	0.0	0.0
185	__ribosome	31.4	0.0	0.0
185	__rnase_site_ext	12.0	0.0	0.0
185	p0	0.95	0.0	0.0
185	p1	0.8	0.0	0.0
185	p2	0.75	0.0	0.0
185	protein1	546.25	10.0	2.0400757
185	protein2	653.05	12.3	1.91633065
185	protein3	642.4	13.1	2.017939
185	r2	12.95	0.0	0.0
185	rnapol	0.4	0.0	0.0
186	__protein1_rbs	5.7	0.0	0.0
186	__protein2_rbs	7.4	0.0	0.0
186	__protein3_rbs	8.4	0.0	0.0
186	__ribosome	32.0	0.0	0.0
186	__rnase_site_ext	12.0	0.0	0.0
186	p0	0.95	0.0	0.0
186	p1	0.65	0.0	0.0
186	p2	0.9	0.0	0.0
186	protein1	550.4	10.05	2.0154247
186	protein2	658.0	12.25	1.87675555
186	protein3	647.35	13.25	1.9882791
186	r2	12.85	0.0	0.0
186	rnapol	0.45	0.0	0.0
187	__protein1_rbs	5.95	0.0	0.0
187	__protein2_rbs	7.2	0.0	0.0
187	__protein3_rbs	8.05	0.0	0.0
187	__ribosome	30.8	0.0	0.0
187	__rnase_site_ext	12.05	0.0	0.0
187	p0	1.0	0.0	0.0
187	p1	0.55	0.0	0.0
187	p2	0.9	0.0	0.0
187	protein1	553.95	10.0	2.05138885
187	protein2	662.4	12.2	1.94379785
187	protein3	652.4	13.4	1.9671863999999997
187	r2	12.95	0.0	0.0
187	rnapol	0.45	0.0	0.0
188	__protein1_rbs	6.25	0.0	0.0
188	__protein2_rbs	7.9	0.0	0.0
188	__protein3_rbs	7.65	0.0	0.0
188	__ribosome	30.7	0.0	0.0
188	__rnase_site_ext	11.95	0.0	0.0
188	p0	0.95	0.0	0.0
188	p1	0.35	0.0	0.0
188	p2	0.9	0.0	0.0
188	protein1	557.8	10.0	2.06431185
188	protein2	666.9	12.3	1.9006349999999999
188	protein3	657.4	13.2	2.0489988
188	r2	12.85	0.0	0.0
188	rnapol	0.45	0.0	0.0
189	__protein1_rbs	6.55	0.0	0.0
189	__protein2_rbs	7.45	0.0	0.0
189	__protein3_rbs	7.9	0.0	0.0
189	__ribosome	31.85	0.0	0.0
189	__rnase_site_ext	11.75	0.0	0.0
189	p0	0.75	0.0	0.0
189	p1	0.5	0.0	0.0
189	p2	0.85	0.0	0.0
189	protein1	561.75	9.95	2.04032195
189	protein2	671.45	12.3	1.910388
189	protein3	663.2	13.2	1.9564422500000005
189	r2	13.05	0.0	0.0
189	rnapol	0.5	0.0	0.0
190	__protein1_rbs	5.3	0.0	0.0
190	__protein2_rbs	7.7	0.0	0.0
190	__protein3_rbs	7.4	0.0	0.0
190	__ribosome	30.6	0.0	0.0
190	__rnase_site_ext	11.85	0.0	0.0
190	p0	0.95	0.0	0.0
190	p1	0.75	0.0	0.0
190	p2	0.85	0.0	0.0
190	protein1	565.45	9.65	2.1409528
190	protein2	676.35	12.65	1.8452971
190	protein3	668.05	13.1	2.0335921999999997
190	r2	13.0	0.0	0.0
190	rnapol	0.5	0.0	0.0
191	__protein1_rbs	6.4	0.0	0.0
191	__protein2_rbs	7.2	0.0	0.0
191	__protein3_rbs	7.85	0.0	0.0
191	__ribosome	30.95	0.0	0.0
191	__rnase_site_ext	11.75	0.0	0.0
191	p0	0.85	0.0	0.0
191	p1	0.8	0.0	0.0
191	p2	0.7	0.0	0.0
191	protein1	570.25	9.85	1.9398950000000001
191	protein2	680.55	12.8	1.9125956999999998
191	protein3	672.85	13.15	2.0481381500000007
191	r2	12.95	0.0	0.0
191	rnapol	0.4	0.0	0.0
192	__protein1_rbs	5.75	0.0	0.0
192	__protein2_rbs	8.8	0.0	0.0
192	__protein3_rbs	8.6	0.0	0.0
192	__ribosome	31.3	0.0	0.0
192	__rnase_site_ext	11.85	0.0	0.0
192	p0	0.9	0.0	0.0
192	p1	0.8	0.0	0.0
192	p2	0.65	0.0	0.0
192	protein1	573.5	9.65	2.06845085
192	protein2	685.0	13.0	1.88749965
192	protein3	678.15	13.2	1.9658199000000005
192	r2	13.05	0.0	0.0
192	rnapol	0.45	0.0	0.0
193	__protein1_rbs	5.8	0.0	0.0
193	__protein2_rbs	7.9	0.0	0.0
193	__protein3_rbs	8.25	0.0	0.0
193	__ribosome	31.25	0.0	0.0
193	__rnase_site_ext	11.85	0.0	0.0
193	p0	0.9	0.0	0.0
193	p1	0.9	0.0	0.0
193	p2	0.8	0.0	0.0
193	protein1	577.5	9.75	1.9992005
193	protein2	689.65	13.05	1.89414015
193	protein3	683.25	13.15	1.97427965
193	r2	13.05	0.0	0.0
193	rnapol	0.5	0.0	0.0
194	__protein1_rbs	6.1	0.0	0.0
194	__protein2_rbs	8.2	0.0	0.0
194	__protein3_rbs	8.1	0.0	0.0
194	__ribosome	31.25	0.0	0.0
194	__rnase_site_ext	11.95	0.0	0.0
194	p0	0.75	0.0	0.0
194	p1	0.85	0.0	0.0
194	p2	0.7	0.0	0.0
194	protein1	581.05	9.75	2.01380215
194	protein2	694.9	12.95	1.8965446
194	protein3	688.55	13.4	1.95819735
194	r2	13.15	0.0	0.0
194	rnapol	0.2	0.0	0.0
195	__protein1_rbs	5.4	0.0	0.0
195	__protein2_rbs	7.75	0.0	0.0
195	__protein3_rbs	7.95	0.0	0.0
195	__ribosome	30.35	0.0	0.0
195	__rnase_site_ext	12.05	0.0	0.0
195	p0	1.0	0.0	0.0
195	p1	0.8	0.0	0.0
195	p2	0.65	0.0	0.0
195	protein1	585.2	9.8	2.03423165
195	protein2	699.15	13.0	1.9237621500000004
195	protein3	693.6	13.35	1.97322435
195	r2	13.45	0.0	0.0
195	rnapol	0.25	0.0	0.0
196	__protein1_rbs	6.8	0.0	0.0
196	__protein2_rbs	7.4	0.0	0.0
196	__protein3_rbs	8.1	0.0	0.0
196	__ribosome	31.0	0.0	0.0
196	__rnase_site_ext	11.85	0.0	0.0
196	p0	0.95	0.0	0.0
196	p1	0.75	0.0	0.0
196	p2	0.7	0.0	0.0
196	protein1	588.6	9.95	1.95891085
196	protein2	704.55	12.85	1.92872355
196	protein3	699.05	13.4	1.97754325
196	r2	13.45	0.0	0.0
196	rnapol	0.2	0.0	0.0
197	__protein1_rbs	6.05	0.0	0.0
197	__protein2_rbs	7.75	0.0	0.0
197	__protein3_rbs	8.9	0.0	0.0
197	__ribosome	30.15	0.0	0.0
197	__rnase_site_ext	11.8	0.0	0.0
197	p0	0.95	0.0	0.0
197	p1	0.7	0.0	0.0
197	p2	0.5	0.0	0.0
197	protein1	592.7	9.8	1.95547915
197	protein2	708.5	12.75	2.0290646
197	protein3	703.55	13.55	1.9698419
197	r2	13.65	0.0	0.0
197	rnapol	0.25	0.0	0.0
198	__protein1_rbs	6.1	0.0	0.0
198	__protein2_rbs	7.15	0.0	0.0
198	__protein3_rbs	8.6	0.0	0.0
198	__ribosome	30.15	0.0	0.0
198	__rnase_site_ext	11.55	0.0	0.0
198	p0	1.0	0.0	0.0
198	p1	0.9	0.0	0.0
198	p2	0.4	0.0	0.0
198	protein1	596.2	9.75	1.978107
198	protein2	713.8	12.75	2.02356845
198	protein3	708.4	13.55	1.9716245
198	r2	13.75	0.0	0.0
198	rnapol	0.35	0.0	0.0
199	__protein1_rbs	5.75	0.0	0.0
199	__protein2_rbs	8.0	0.0	0.0
199	__protein3_rbs	8.7	0.0	0.0
199	__ribosome	30.25	0.0	0.0
199	__rnase_site_ext	11.5	0.0	0.0
199	p0	1.0	0.0	0.0
199	p1	0.8	0.0	0.0
199	p2	0.6	0.0	0.0
199	protein1	599.95	9.65	1.9867631500000005
199	protein2	718.2	12.8	2.02962435
199	protein3	713.65	13.8	1.9039876499999997
199	r2	13.65	0.0	0.0
199	rnapol	0.65	0.0	0.0
200	__protein1_rbs	5.65	0.0	0.0
200	__protein2_rbs	7.6	0.0	0.0
200	__protein3_rbs	8.75	0.0	0.0
200	__ribosome	30.3	0.0	0.0
200	__rnase_site_ext	11.5	0.0	0.0
200	p0	0.85	0.0	0.0
200	p1	0.75	0.0	0.0
200	p2	0.75	0.0	0.0
200	protein1	603.65	9.45	2.0424567499999995
200	protein2	723.55	12.7	2.0048890999999998
200	protein3	718.6	13.8	1.92325295
200	r2	13.6	0.0	0.0
200	rnapol	0.6	0.0	0.0
201	__protein1_rbs	6.1	0.0	0.0
201	__protein2_rbs	7.75	0.0	0.0
201	__protein3_rbs	8.7	0.0	0.0
201	__ribosome	31.15	0.0	0.0
201	__rnase_site_ext	11.5	0.0	0.0
201	p0	0.85	0.0	0.0
201	p1	0.7	0.0	0.0
201	p2	0.95	0.0	0.0
201	protein1	607.5	9.35	1.98548305
201	protein2	728.5	12.6	2.0221697
201	protein3	724.25	14.0	1.8986501
201	r2	13.5	0.0	0.0
201	rnapol	0.5	0.0	0.0
202	__protein1_rbs	6.0	0.0	0.0
202	__protein2_rbs	8.55	0.0	0.0
202	__protein3_rbs	8.45	0.0	0.0
202	__ribosome	31.9	0.0	0.0
202	__rnase_site_ext	11.65	0.0	0.0
202	p0	0.9	0.0	0.0
202	p1	0.75	0.0	0.0
202	p2	0.95	0.0	0.0
202	protein1	610.85	9.45	1.9605324
202	protein2	733.35	12.75	1.92054465
202	protein3	729.6	14.05	1.9110630000000002
202	r2	13.45	0.0	0.0
202	rnapol	0.55	0.0	0.0
203	__protein1_rbs	5.95	0.0	0.0
203	__protein2_rbs	6.8	0.0	0.0
203	__protein3_rbs	8.65	0.0	0.0
203	__ribosome	30.6	0.0	0.0
203	__rnase_site_ext	11.7	0.0	0.0
203	p0	0.9	0.0	0.0
203	p1	0.9	0.0	0.0
203	p2	0.8	0.0	0.0
203	protein1	614.4	9.55	1.9601669
203	protein2	738.6	12.9	1.94004185
203	protein3	734.4	14.05	1.93665935
203	r2	13.55	0.0	0.0
203	rnapol	0.75	0.0	0.0
204	__protein1_rbs	5.45	0.0	0.0
204	__protein2_rbs	7.9	0.0	0.0
204	__protein3_rbs	8.45	0.0	0.0
204	__ribosome	29.1	0.0	0.0
204	__rnase_site_ext	11.6	0.0	0.0
204	p0	0.95	0.0	0.0
204	p1	0.9	0.0	0.0
204	p2	0.8	0.0	0.0
204	protein1	617.8	9.5	2.02508935
204	protein2	742.9	12.95	1.9954089500000003
204	protein3	739.45	13.95	1.99539515
204	r2	13.65	0.0	0.0
204	rnapol	0.9	0.0	0.0
205	__protein1_rbs	6.05	0.0	0.0
205	__protein2_rbs	7.9	0.0	0.0
205	__protein3_rbs	8.85	0.0	0.0
205	__ribosome	30.7	0.0	0.0
205	__rnase_site_ext	11.8	0.0	0.0
205	p0	0.7	0.0	0.0
205	p1	0.9	0.0	0.0
205	p2	0.7	0.0	0.0
205	protein1	621.4	9.5	2.0053246500000004
205	protein2	748.45	12.9	1.9205653000000005
205	protein3	744.75	14.0	1.93978595
205	r2	13.65	0.0	0.0
205	rnapol	0.8	0.0	0.0
206	__protein1_rbs	6.15	0.0	0.0
206	__protein2_rbs	8.3	0.0	0.0
206	__protein3_rbs	8.7	0.0	0.0
206	__ribosome	31.2	0.0	0.0
206	__rnase_site_ext	11.85	0.0	0.0
206	p0	0.95	0.0	0.0
206	p1	0.9	0.0	0.0
206	p2	0.75	0.0	0.0
206	protein1	625.4	9.5	1.93501625
206	protein2	753.15	12.75	1.9207502
206	protein3	749.65	13.9	1.9848654
206	r2	13.45	0.0	0.0
206	rnapol	0.85	0.0	0.0
207	__protein1_rbs	6.25	0.0	0.0
207	__protein2_rbs	7.6	0.0	0.0
207	__protein3_rbs	8.4	0.0	0.0
207	__ribosome	30.85	0.0	0.0
207	__rnase_site_ext	11.95	0.0	0.0
207	p0	0.85	0.0	0.0
207	p1	0.85	0.0	0.0
207	p2	0.9	0.0	0.0
207	protein1	629.2	9.85	1.8367733
207	protein2	757.3	12.6	2.0530253000000007
207	protein3	755.65	13.9	1.9455484
207	r2	13.5	0.0	0.0
207	rnapol	0.9	0.0	0.0
208	__protein1_rbs	5.75	0.0	0.0
208	__protein2_rbs	7.7	0.0	0.0
208	__protein3_rbs	8.5	0.0	0.0
208	__ribosome	30.3	0.0	0.0
208	__rnase_site_ext	12.15	0.0	0.0
208	p0	0.8	0.0	0.0
208	p1	0.75	0.0	0.0
208	p2	0.9	0.0	0.0
208	protein1	632.3	9.85	1.9244404999999998
208	protein2	762.9	12.55	2.0247648000000003
208	protein3	760.35	13.8	1.9873677
208	r2	13.6	0.0	0.0
208	rnapol	0.85	0.0	0.0
209	__protein1_rbs	5.95	0.0	0.0
209	__protein2_rbs	7.7	0.0	0.0
209	__protein3_rbs	8.45	0.0	0.0
209	__ribosome	30.9	0.0	0.0
209	__rnase_site_ext	12.2	0.0	0.0
209	p0	0.8	0.0	0.0
209	p1	0.75	0.0	0.0
209	p2	0.75	0.0	0.0
209	protein1	635.95	10.0	1.9199503000000004
209	protein2	768.1	12.45	2.0135530000000004
209	protein3	766.0	13.8	1.9635687
209	r2	13.5	0.0	0.0
209	rnapol	0.7	0.0	0.0
210	__protein1_rbs	6.15	0.0	0.0
210	__protein2_rbs	8.25	0.0	0.0
210	__protein3_rbs	8.15	0.0	0.0
210	__ribosome	29.3	0.0	0.0
210	__rnase_site_ext	12.3	0.0	0.0
210	p0	0.9	0.0	0.0
210	p1	0.7	0.0	0.0
210	p2	0.7	0.0	0.0
210	protein1	639.5	10.15	1.8996528
210	protein2	771.95	12.55	2.0297523
210	protein3	770.9	13.75	2.02036655
210	r2	13.4	0.0	0.0
210	rnapol	0.7	0.0	0.0
211	__protein1_rbs	6.15	0.0	0.0
211	__protein2_rbs	8.6	0.0	0.0
211	__protein3_rbs	9.35	0.0	0.0
211	__ribosome	30.95	0.0	0.0
211	__rnase_site_ext	12.2	0.0	0.0
211	p0	0.85	0.0	0.0
211	p1	0.85	0.0	0.0
211	p2	0.7	0.0	0.0
211	protein1	643.15	10.15	1.9287789000000004
211	protein2	777.05	12.55	1.9935723
211	protein3	776.25	13.85	1.9203238
211	r2	13.25	0.0	0.0
211	rnapol	0.6	0.0	0.0
212	__protein1_rbs	6.3	0.0	0.0
212	__protein2_rbs	7.3	0.0	0.0
212	__protein3_rbs	8.8	0.0	0.0
212	__ribosome	31.3	0.0	0.0
212	__rnase_site_ext	12.25	0.0	0.0
212	p0	0.9	0.0	0.0
212	p1	0.85	0.0	0.0
212	p2	0.8	0.0	0.0
212	protein1	646.8	10.2	1.8905899
212	protein2	782.15	12.5	2.0146078000000003
212	protein3	781.9	13.95	1.87634245
212	r2	13.3	0.0	0.0
212	rnapol	0.7	0.0	0.0
213	__protein1_rbs	6.2	0.0	0.0
213	__protein2_rbs	8.1	0.0	0.0
213	__protein3_rbs	8.2	0.0	0.0
213	__ribosome	30.15	0.0	0.0
213	__rnase_site_ext	12.15	0.0	0.0
213	p0	0.9	0.0	0.0
213	p1	0.5	0.0	0.0
213	p2	0.95	0.0	0.0
213	protein1	650.2	10.3	1.9380195
213	protein2	786.8	12.45	1.9945754
213	protein3	786.7	13.95	1.93547915
213	r2	13.25	0.0	0.0
213	rnapol	0.65	0.0	0.0
214	__protein1_rbs	6.5	0.0	0.0
214	__protein2_rbs	7.8	0.0	0.0
214	__protein3_rbs	8.75	0.0	0.0
214	__ribosome	31.8	0.0	0.0
214	__rnase_site_ext	12.05	0.0	0.0
214	p0	0.9	0.0	0.0
214	p1	0.6	0.0	0.0
214	p2	0.85	0.0	0.0
214	protein1	654.15	10.3	1.9052182
214	protein2	791.85	12.3	1.96947295
214	protein3	792.5	13.95	1.8824359500000003
214	r2	13.3	0.0	0.0
214	rnapol	0.65	0.0	0.0
215	__protein1_rbs	5.85	0.0	0.0
215	__protein2_rbs	7.9	0.0	0.0
215	__protein3_rbs	9.1	0.0	0.0
215	__ribosome	31.4	0.0	0.0
215	__rnase_site_ext	12.15	0.0	0.0
215	p0	0.9	0.0	0.0
215	p1	0.7	0.0	0.0
215	p2	0.9	0.0	0.0
215	protein1	657.85	10.1	2.00691565
215	protein2	796.45	12.4	1.9384119
215	protein3	797.15	13.8	1.9141903000000002
215	r2	13.35	0.0	0.0
215	rnapol	0.5	0.0	0.0
216	__protein1_rbs	6.25	0.0	0.0
216	__protein2_rbs	7.4	0.0	0.0
216	__protein3_rbs	8.1	0.0	0.0
216	__ribosome	29.8	0.0	0.0
216	__rnase_site_ext	12.1	0.0	0.0
216	p0	0.95	0.0	0.0
216	p1	0.75	0.0	0.0
216	p2	0.8	0.0	0.0
216	protein1	661.8	10.2	1.95718345
216	protein2	800.85	12.6	1.9632433999999992
216	protein3	801.9	13.65	1.99846675
216	r2	13.4	0.0	0.0
216	rnapol	0.5	0.0	0.0
217	__protein1_rbs	6.1	0.0	0.0
217	__protein2_rbs	7.55	0.0	0.0
217	__protein3_rbs	8.7	0.0	0.0
217	__ribosome	30.65	0.0	0.0
217	__rnase_site_ext	11.75	0.0	0.0
217	p0	0.85	0.0	0.0
217	p1	0.75	0.0	0.0
217	p2	0.75	0.0	0.0
217	protein1	665.65	10.2	1.9728950000000005
217	protein2	805.65	12.55	1.97574325
217	protein3	807.3	13.65	1.9416713
217	r2	13.5	0.0	0.0
217	rnapol	0.45	0.0	0.0
218	__protein1_rbs	6.4	0.0	0.0
218	__protein2_rbs	7.4	0.0	0.0
218	__protein3_rbs	8.7	0.0	0.0
218	__ribosome	30.95	0.0	0.0
218	__rnase_site_ext	11.8	0.0	0.0
218	p0	0.9	0.0	0.0
218	p1	0.8	0.0	0.0
218	p2	0.75	0.0	0.0
218	protein1	669.25	10.05	2.00658015
218	protein2	810.5	12.55	1.95896865
218	protein3	812.35	13.55	1.93749205
218	r2	13.15	0.0	0.0
218	rnapol	0.5	0.0	0.0
219	__protein1_rbs	5.6	0.0	0.0
219	__protein2_rbs	8.45	0.0	0.0
219	__protein3_rbs	8.8	0.0	0.0
219	__ribosome	31.05	0.0	0.0
219	__rnase_site_ext	11.95	0.0	0.0
219	p0	0.9	0.0	0.0
219	p1	0.9	0.0	0.0
219	p2	0.7	0.0	0.0
219	protein1	672.7	10.0	2.0866772999999994
219	protein2	815.15	12.5	1.929999
219	protein3	817.7	13.6	1.9033348
219	r2	13.05	0.0	0.0
219	rnapol	0.5	0.0	0.0
220	__protein1_rbs	6.2	0.0	0.0
220	__protein2_rbs	8.05	0.0	0.0
220	__protein3_rbs	8.55	0.0	0.0
220	__ribosome	32.15	0.0	0.0
220	__rnase_site_ext	12.1	0.0	0.0
220	p0	0.85	0.0	0.0
220	p1	0.8	0.0	0.0
220	p2	0.85	0.0	0.0
220	protein1	677.0	10.05	1.98868605
220	protein2	819.9	12.65	1.8947914500000005
220	protein3	823.1	13.6	1.8655363000000005
220	r2	13.15	0.0	0.0
220	rnapol	0.55	0.0	0.0
221	__protein1_rbs	6.2	0.0	0.0
221	__protein2_rbs	7.9	0.0	0.0
221	__protein3_rbs	8.1	0.0	0.0
221	__ribosome	32.1	0.0	0.0
221	__rnase_site_ext	12.15	0.0	0.0
221	p0	0.9	0.0	0.0
221	p1	0.7	0.0	0.0
221	p2	0.9	0.0	0.0
221	protein1	681.15	10.15	1.96779325
221	protein2	824.55	12.65	1.8604558500000004
221	protein3	828.35	13.75	1.87312405
221	r2	13.3	0.0	0.0
221	rnapol	0.45	0.0	0.0
222	__protein1_rbs	6.05	0.0	0.0
222	__protein2_rbs	7.8	0.0	0.0
222	__protein3_rbs	9.15	0.0	0.0
222	__ribosome	31.4	0.0	0.0
222	__rnase_site_ext	11.9	0.0	0.0
222	p0	1.0	0.0	0.0
222	p1	0.7	0.0	0.0
222	p2	0.65	0.0	0.0
222	protein1	684.95	10.3	1.9871459
222	protein2	828.85	12.65	1.9002907
222	protein3	833.15	13.75	1.8548745
222	r2	13.4	0.0	0.0
222	rnapol	0.6	0.0	0.0
223	__protein1_rbs	5.8	0.0	0.0
223	__protein2_rbs	7.7	0.0	0.0
223	__protein3_rbs	8.75	0.0	0.0
223	__ribosome	30.8	0.0	0.0
223	__rnase_site_ext	11.85	0.0	0.0
223	p0	1.0	0.0	0.0
223	p1	0.8	0.0	0.0
223	p2	0.55	0.0	0.0
223	protein1	688.95	10.05	2.082329
223	protein2	833.8	12.75	1.8877870500000005
223	protein3	838.1	13.75	1.8902541000000004
223	r2	13.45	0.0	0.0
223	rnapol	0.55	0.0	0.0
224	__protein1_rbs	6.0	0.0	0.0
224	__protein2_rbs	7.55	0.0	0.0
224	__protein3_rbs	8.9	0.0	0.0
224	__ribosome	29.8	0.0	0.0
224	__rnase_site_ext	11.8	0.0	0.0
224	p0	0.9	0.0	0.0
224	p1	0.9	0.0	0.0
224	p2	0.7	0.0	0.0
224	protein1	692.6	10.05	2.1106572
224	protein2	838.0	12.8	1.9401183000000002
224	protein3	843.0	13.85	1.87855795
224	r2	13.45	0.0	0.0
224	rnapol	0.6	0.0	0.0
225	__protein1_rbs	6.25	0.0	0.0
225	__protein2_rbs	8.45	0.0	0.0
225	__protein3_rbs	8.35	0.0	0.0
225	__ribosome	29.55	0.0	0.0
225	__rnase_site_ext	12.0	0.0	0.0
225	p0	0.85	0.0	0.0
225	p1	0.7	0.0	0.0
225	p2	0.65	0.0	0.0
225	protein1	695.75	10.0	2.15450495
225	protein2	842.65	12.85	1.9053513500000008
225	protein3	848.25	13.85	1.8839264999999998
225	r2	13.35	0.0	0.0
225	rnapol	0.4	0.0	0.0
226	__protein1_rbs	6.25	0.0	0.0
226	__protein2_rbs	8.2	0.0	0.0
226	__protein3_rbs	7.95	0.0	0.0
226	__ribosome	30.15	0.0	0.0
226	__rnase_site_ext	11.8	0.0	0.0
226	p0	0.9	0.0	0.0
226	p1	0.85	0.0	0.0
226	p2	0.65	0.0	0.0
226	protein1	700.6	10.15	1.9793912
226	protein2	847.15	12.75	1.9130038
226	protein3	853.55	13.85	1.91846455
226	r2	13.25	0.0	0.0
226	rnapol	0.5	0.0	0.0
227	__protein1_rbs	6.3	0.0	0.0
227	__protein2_rbs	8.75	0.0	0.0
227	__protein3_rbs	8.65	0.0	0.0
227	__ribosome	30.15	0.0	0.0
227	__rnase_site_ext	11.95	0.0	0.0
227	p0	0.9	0.0	0.0
227	p1	0.8	0.0	0.0
227	p2	0.75	0.0	0.0
227	protein1	704.65	10.05	1.9870596
227	protein2	851.8	13.0	1.8705169
227	protein3	858.1	13.85	1.9469477
227	r2	13.25	0.0	0.0
227	rnapol	0.55	0.0	0.0
228	__protein1_rbs	6.35	0.0	0.0
228	__protein2_rbs	7.65	0.0	0.0
228	__protein3_rbs	8.65	0.0	0.0
228	__ribosome	30.6	0.0	0.0
228	__rnase_site_ext	11.85	0.0	0.0
228	p0	1.0	0.0	0.0
228	p1	0.75	0.0	0.0
228	p2	0.95	0.0	0.0
228	protein1	708.7	10.05	1.9552255000000005
228	protein2	857.05	13.0	1.8695932
228	protein3	863.3	13.75	1.96221005
228	r2	13.3	0.0	0.0
228	rnapol	0.6	0.0	0.0
229	__protein1_rbs	5.85	0.0	0.0
229	__protein2_rbs	7.8	0.0	0.0
229	__protein3_rbs	8.45	0.0	0.0
229	__ribosome	30.15	0.0	0.0
229	__rnase_site_ext	11.9	0.0	0.0
229	p0	1.0	0.0	0.0
229	p1	0.8	0.0	0.0
229	p2	0.85	0.0	0.0
229	protein1	712.9	9.95	1.9675162500000003
229	protein2	861.9	13.1	1.8747806
229	protein3	868.25	13.85	1.96110345
229	r2	13.3	0.0	0.0
229	rnapol	0.6	0.0	0.0
230	__protein1_rbs	6.0	0.0	0.0
230	__protein2_rbs	8.3	0.0	0.0
230	__protein3_rbs	8.75	0.0	0.0
230	__ribosome	30.2	0.0	0.0
230	__rnase_site_ext	12.0	0.0	0.0
230	p0	0.8	0.0	0.0
230	p1	0.95	0.0	0.0
230	p2	0.7	0.0	0.0
230	protein1	716.55	10.0	1.96655125
230	protein2	866.35	13.15	1.9032666
230	protein3	873.85	13.8	1.90702785
230	r2	13.25	0.0	0.0
230	rnapol	0.7	0.0	0.0
231	__protein1_rbs	5.75	0.0	0.0
231	__protein2_rbs	8.25	0.0	0.0
231	__protein3_rbs	7.95	0.0	0.0
231	__ribosome	30.65	0.0	0.0
231	__rnase_site_ext	11.95	0.0	0.0
231	p0	0.85	0.0	0.0
231	p1	0.9	0.0	0.0
231	p2	0.7	0.0	0.0
231	protein1	720.4	9.9	1.990377
231	protein2	871.45	13.1	1.8770650000000002
231	protein3	879.35	13.75	1.90940955
231	r2	13.15	0.0	0.0
231	rnapol	0.75	0.0	0.0
232	__protein1_rbs	6.35	0.0	0.0
232	__protein2_rbs	7.8	0.0	0.0
232	__protein3_rbs	8.65	0.0	0.0
232	__ribosome	29.7	0.0	0.0
232	__rnase_site_ext	12.1	0.0	0.0
232	p0	0.8	0.0	0.0
232	p1	0.75	0.0	0.0
232	p2	0.7	0.0	0.0
232	protein1	723.95	9.95	1.99368685
232	protein2	875.45	12.95	1.9670051
232	protein3	884.3	13.65	1.9286371500000008
232	r2	13.35	0.0	0.0
232	rnapol	0.65	0.0	0.0
233	__protein1_rbs	6.15	0.0	0.0
233	__protein2_rbs	7.75	0.0	0.0
233	__protein3_rbs	7.7	0.0	0.0
233	__ribosome	28.9	0.0	0.0
233	__rnase_site_ext	12.1	0.0	0.0
233	p0	0.9	0.0	0.0
233	p1	0.75	0.0	0.0
233	p2	0.95	0.0	0.0
233	protein1	728.0	10.0	1.9727525500000005
233	protein2	880.5	12.95	1.9735033500000008
233	protein3	889.35	13.6	1.98794385
233	r2	13.45	0.0	0.0
233	rnapol	0.75	0.0	0.0
234	__protein1_rbs	6.45	0.0	0.0
234	__protein2_rbs	7.85	0.0	0.0
234	__protein3_rbs	8.9	0.0	0.0
234	__ribosome	29.85	0.0	0.0
234	__rnase_site_ext	12.15	0.0	0.0
234	p0	0.95	0.0	0.0
234	p1	0.7	0.0	0.0
234	p2	0.75	0.0	0.0
234	protein1	731.8	10.05	1.91144215
234	protein2	885.7	12.8	1.9797723500000004
234	protein3	894.15	13.65	1.9728391
234	r2	13.45	0.0	0.0
234	rnapol	0.8	0.0	0.0
235	__protein1_rbs	6.1	0.0	0.0
235	__protein2_rbs	7.95	0.0	0.0
235	__protein3_rbs	7.85	0.0	0.0
235	__ribosome	29.25	0.0	0.0
235	__rnase_site_ext	12.2	0.0	0.0
235	p0	0.95	0.0	0.0
235	p1	0.95	0.0	0.0
235	p2	0.7	0.0	0.0
235	protein1	735.5	10.1	1.9567558000000005
235	protein2	890.7	12.85	1.9338304
235	protein3	899.2	13.6	2.02714295
235	r2	13.45	0.0	0.0
235	rnapol	0.8	0.0	0.0
236	__protein1_rbs	6.3	0.0	0.0
236	__protein2_rbs	8.6	0.0	0.0
236	__protein3_rbs	9.0	0.0	0.0
236	__ribosome	30.8	0.0	0.0
236	__rnase_site_ext	12.35	0.0	0.0
236	p0	0.9	0.0	0.0
236	p1	0.9	0.0	0.0
236	p2	0.85	0.0	0.0
236	protein1	739.75	10.1	1.9228966000000005
236	protein2	895.65	12.95	1.87591625
236	protein3	904.8	13.6	1.96469145
236	r2	13.45	0.0	0.0
236	rnapol	0.6	0.0	0.0
237	__protein1_rbs	6.75	0.0	0.0
237	__protein2_rbs	8.6	0.0	0.0
237	__protein3_rbs	8.25	0.0	0.0
237	__ribosome	30.55	0.0	0.0
237	__rnase_site_ext	12.55	0.0	0.0
237	p0	0.9	0.0	0.0
237	p1	0.8	0.0	0.0
237	p2	0.75	0.0	0.0
237	protein1	743.0	10.25	1.89600915
237	protein2	900.25	13.0	1.87347115
237	protein3	909.5	13.55	1.9994253000000004
237	r2	13.55	0.0	0.0
237	rnapol	0.55	0.0	0.0
238	__protein1_rbs	5.75	0.0	0.0
238	__protein2_rbs	7.7	0.0	0.0
238	__protein3_rbs	8.3	0.0	0.0
238	__ribosome	30.25	0.0	0.0
238	__rnase_site_ext	12.6	0.0	0.0
238	p0	0.9	0.0	0.0
238	p1	0.75	0.0	0.0
238	p2	0.7	0.0	0.0
238	protein1	747.15	10.35	1.9275186
238	protein2	905.15	13.0	1.9005332
238	protein3	915.6	13.55	1.9466477
238	r2	13.4	0.0	0.0
238	rnapol	0.6	0.0	0.0
239	__protein1_rbs	6.5	0.0	0.0
239	__protein2_rbs	7.95	0.0	0.0
239	__protein3_rbs	8.7	0.0	0.0
239	__ribosome	29.65	0.0	0.0
239	__rnase_site_ext	12.7	0.0	0.0
239	p0	0.8	0.0	0.0
239	p1	0.85	0.0	0.0
239	p2	0.85	0.0	0.0
239	protein1	750.75	10.45	1.96554855
239	protein2	909.85	13.0	1.90172705
239	protein3	920.25	13.6	1.93037325
239	r2	13.55	0.0	0.0
239	rnapol	0.65	0.0	0.0
240	__protein1_rbs	6.55	0.0	0.0
240	__protein2_rbs	8.2	0.0	0.0
240	__protein3_rbs	8.55	0.0	0.0
240	__ribosome	30.6	0.0	0.0
240	__rnase_site_ext	12.8	0.0	0.0
240	p0	0.85	0.0	0.0
240	p1	0.75	0.0	0.0
240	p2	0.95	0.0	0.0
240	protein1	754.9	10.6	1.8959731
240	protein2	914.5	12.85	1.9288163
240	protein3	926.05	13.75	1.8706298
240	r2	13.6	0.0	0.0
240	rnapol	0.7	0.0	0.0
241	__protein1_rbs	7.05	0.0	0.0
241	__protein2_rbs	8.15	0.0	0.0
241	__protein3_rbs	8.2	0.0	0.0
241	__ribosome	30.0	0.0	0.0
241	__rnase_site_ext	12.7	0.0	0.0
241	p0	0.95	0.0	0.0
241	p1	0.75	0.0	0.0
241	p2	0.65	0.0	0.0
241	protein1	758.65	10.65	1.88915755
241	protein2	919.2	12.85	1.9006619999999999
241	protein3	930.5	13.75	1.9267686
241	r2	13.55	0.0	0.0
241	rnapol	0.6	0.0	0.0
242	__protein1_rbs	7.05	0.0	0.0
242	__protein2_rbs	8.1	0.0	0.0
242	__protein3_rbs	8.0	0.0	0.0
242	__ribosome	30.0	0.0	0.0
242	__rnase_site_ext	12.85	0.0	0.0
242	p0	0.8	0.0	0.0
242	p1	0.7	0.0	0.0
242	p2	0.7	0.0	0.0
242	protein1	762.65	10.75	1.8418229500000003
242	protein2	923.95	12.95	1.89018385
242	protein3	935.8	13.7	1.95121445
242	r2	13.55	0.0	0.0
242	rnapol	0.5	0.0	0.0
243	__protein1_rbs	6.85	0.0	0.0
243	__protein2_rbs	8.2	0.0	0.0
243	__protein3_rbs	7.2	0.0	0.0
243	__ribosome	29.1	0.0	0.0
243	__rnase_site_ext	12.9	0.0	0.0
243	p0	0.9	0.0	0.0
243	p1	0.75	0.0	0.0
243	p2	0.75	0.0	0.0
243	protein1	766.85	10.75	1.7924577499999998
243	protein2	928.5	12.95	1.91732855
243	protein3	941.0	13.55	2.0522252
243	r2	13.5	0.0	0.0
243	rnapol	0.55	0.0	0.0
244	__protein1_rbs	6.75	0.0	0.0
244	__protein2_rbs	8.45	0.0	0.0
244	__protein3_rbs	9.15	0.0	0.0
244	__ribosome	30.2	0.0	0.0
244	__rnase_site_ext	13.05	0.0	0.0
244	p0	0.9	0.0	0.0
244	p1	0.8	0.0	0.0
244	p2	0.7	0.0	0.0
244	protein1	770.9	10.85	1.77046625
244	protein2	933.8	13.0	1.8326407
244	protein3	945.75	13.75	1.98787815
244	r2	13.55	0.0	0.0
244	rnapol	0.4	0.0	0.0
245	__protein1_rbs	6.9	0.0	0.0
245	__protein2_rbs	8.35	0.0	0.0
245	__protein3_rbs	8.55	0.0	0.0
245	__ribosome	29.4	0.0	0.0
245	__rnase_site_ext	13.0	0.0	0.0
245	p0	0.9	0.0	0.0
245	p1	0.7	0.0	0.0
245	p2	0.95	0.0	0.0
245	protein1	774.55	10.95	1.8116339
245	protein2	938.6	13.15	1.8364991000000002
245	protein3	950.65	13.75	2.0171813000000003
245	r2	13.6	0.0	0.0
245	rnapol	0.45	0.0	0.0
246	__protein1_rbs	7.2	0.0	0.0
246	__protein2_rbs	7.8	0.0	0.0
246	__protein3_rbs	8.9	0.0	0.0
246	__ribosome	29.45	0.0	0.0
246	__rnase_site_ext	12.95	0.0	0.0
246	p0	0.8	0.0	0.0
246	p1	0.8	0.0	0.0
246	p2	0.8	0.0	0.0
246	protein1	778.35	10.9	1.810975
246	protein2	943.15	12.95	1.89688645
246	protein3	956.1	13.85	1.96186065
246	r2	13.45	0.0	0.0
246	rnapol	0.45	0.0	0.0
247	__protein1_rbs	6.4	0.0	0.0
247	__protein2_rbs	8.3	0.0	0.0
247	__protein3_rbs	8.6	0.0	0.0
247	__ribosome	29.5	0.0	0.0
247	__rnase_site_ext	13.05	0.0	0.0
247	p0	0.85	0.0	0.0
247	p1	0.75	0.0	0.0
247	p2	0.85	0.0	0.0
247	protein1	782.05	10.85	1.90317385
247	protein2	948.15	13.15	1.84869045
247	protein3	961.95	13.85	1.9119104000000005
247	r2	13.35	0.0	0.0
247	rnapol	0.4	0.0	0.0
248	__protein1_rbs	6.8	0.0	0.0
248	__protein2_rbs	8.05	0.0	0.0
248	__protein3_rbs	9.05	0.0	0.0
248	__ribosome	30.75	0.0	0.0
248	__rnase_site_ext	13.0	0.0	0.0
248	p0	0.9	0.0	0.0
248	p1	0.8	0.0	0.0
248	p2	0.85	0.0	0.0
248	protein1	785.8	11.0	1.91879005
248	protein2	953.05	12.9	1.8898901
248	protein3	968.25	13.8	1.7989678999999998
248	r2	13.45	0.0	0.0
248	rnapol	0.35	0.0	0.0
249	__protein1_rbs	6.75	0.0	0.0
249	__protein2_rbs	8.1	0.0	0.0
249	__protein3_rbs	8.0	0.0	0.0
249	__ribosome	28.8	0.0	0.0
249	__rnase_site_ext	12.9	0.0	0.0
249	p0	1.0	0.0	0.0
249	p1	0.75	0.0	0.0
249	p2	0.75	0.0	0.0
249	protein1	789.9	11.1	1.88792165
249	protein2	957.5	13.05	1.9115206000000005
249	protein3	972.55	13.85	1.90829955
249	r2	13.55	0.0	0.0
249	rnapol	0.4	0.0	0.0
250	__protein1_rbs	5.65	0.0	0.0
250	__protein2_rbs	7.25	0.0	0.0
250	__protein3_rbs	8.1	0.0	0.0
250	__ribosome	24.95	0.0	0.0
250	__rnase_site_ext	11.75	0.0	0.0
250	p0	0.75	0.0	0.0
250	p1	0.65	0.0	0.0
250	p2	0.75	0.0	0.0
250	protein1	713.85	9.95	1.7309700499999998
250	protein2	870.5	12.0	1.7539243000000002
250	protein3	882.45	12.6	1.6828595999999998
250	r2	12.6	0.0	0.0
250	rnapol	0.35	0.0	0.0
