time	species	protein	transcript	ribo_density
0	__protein1_rbs	0.0	0.0	0.0
0	__protein2_rbs	0.0	0.0	0.0
0	__protein3_rbs	0.0	0.0	0.0
0	__ribosome	100.0	0.0	0.0
0	__rnase_site_ext	0.0	0.0	0.0
0	p0	1.0	0.0	0.0
0	p1	1.0	0.0	0.0
0	r1	0.0	0.0	0.0
0	r2	0.0	0.0	0.0
0	rnapol	4.0	0.0	0.0
1	__protein1_rbs	0.0	0.0	0.0
1	__protein2_rbs	0.0	0.0	0.0
1	__protein3_rbs	0.0	0.0	0.0
1	__ribosome	55.0	0.0	0.0
1	__rnase_site_ext	0.4	0.0	0.0
1	p0	0.1	0.0	0.0
1	p1	0.5	0.0	0.0
1	r1	0.0	0.0	0.0
1	r2	0.0	0.0	0.0
1	rnapol	1.65	0.0	0.0
2	__protein1_rbs	0.1	0.0	0.0
2	__protein2_rbs	0.0	0.0	0.0
2	__protein3_rbs	0.0	0.0	0.0
2	__ribosome	104.85	0.0	0.0
2	__rnase_site_ext	0.65	0.0	0.0
2	p0	0.45	0.0	0.0
2	p1	1.05	0.0	0.0
2	protein1	0.0	0.25	0.15
2	r1	0.05	0.0	0.0
2	r2	0.0	0.0	0.0
2	rnapol	3.05	0.0	0.0
3	__protein1_rbs	0.2	0.0	0.0
3	__protein2_rbs	0.0	0.0	0.0
3	__protein3_rbs	0.0	0.0	0.0
3	__ribosome	94.6	0.0	0.0
3	__rnase_site_ext	1.05	0.0	0.0
3	p0	0.6	0.0	0.0
3	p1	0.95	0.0	0.0
3	protein1	0.0	0.55	0.375
3	r1	0.1	0.0	0.0
3	r2	0.0	0.0	0.0
3	rnapol	2.5	0.0	0.0
4	__protein1_rbs	0.3	0.0	0.0
4	__protein2_rbs	0.0	0.0	0.0
4	__protein3_rbs	0.0	0.0	0.0
4	__ribosome	104.0	0.0	0.0
4	__rnase_site_ext	1.25	0.0	0.0
4	p0	0.8	0.0	0.0
4	p1	1.05	0.0	0.0
4	protein1	0.0	0.85	0.9
4	protein2	0.0	0.05	0.05
4	r1	0.1	0.0	0.0
4	r2	0.0	0.0	0.0
4	rnapol	2.75	0.0	0.0
5	__protein1_rbs	0.4	0.0	0.0
5	__protein2_rbs	0.0	0.0	0.0
5	__protein3_rbs	0.0	0.0	0.0
5	__ribosome	113.2	0.0	0.0
5	__rnase_site_ext	1.4	0.0	0.0
5	p0	0.65	0.0	0.0
5	p1	1.15	0.0	0.0
5	protein1	0.0	1.1	1.25833335
5	protein2	0.0	0.1	0.15
5	r1	0.1	0.0	0.0
5	r2	0.0	0.0	0.0
5	rnapol	2.8	0.0	0.0
6	__protein1_rbs	0.55	0.0	0.0
6	__protein2_rbs	0.05	0.0	0.0
6	__protein3_rbs	0.0	0.0	0.0
6	__ribosome	92.45	0.0	0.0
6	__rnase_site_ext	1.75	0.0	0.0
6	p0	0.75	0.0	0.0
6	p1	0.95	0.0	0.0
6	protein1	0.0	1.35	1.575
6	protein2	0.0	0.1	0.15
6	r1	0.1	0.0	0.0
6	r2	0.0	0.0	0.0
6	rnapol	2.0	0.0	0.0
7	__protein1_rbs	0.8	0.0	0.0
7	__protein2_rbs	0.05	0.0	0.0
7	__protein3_rbs	0.0	0.0	0.0
7	__ribosome	91.8	0.0	0.0
7	__rnase_site_ext	2.0	0.0	0.0
7	p0	0.65	0.0	0.0
7	p1	0.9	0.0	0.0
7	protein1	0.1	1.55	inf
7	protein2	0.0	0.1	0.2
7	r1	0.1	0.0	0.0
7	r2	0.0	0.0	0.0
7	rnapol	1.65	0.0	0.0
8	__protein1_rbs	0.45	0.0	0.0
8	__protein2_rbs	0.0	0.0	0.0
8	__protein3_rbs	0.0	0.0	0.0
8	__ribosome	90.75	0.0	0.0
8	__rnase_site_ext	2.25	0.0	0.0
8	p0	0.85	0.0	0.0
8	p1	0.45	0.0	0.0
8	protein1	0.4	1.85	inf
8	protein2	0.0	0.1	0.3
8	r1	0.1	0.0	0.0
8	r2	0.05	0.0	0.0
8	rnapol	1.5	0.0	0.0
9	__protein1_rbs	0.75	0.0	0.0
9	__protein2_rbs	0.05	0.0	0.0
9	__protein3_rbs	0.0	0.0	0.0
9	__ribosome	90.05	0.0	0.0
9	__rnase_site_ext	2.35	0.0	0.0
9	p0	0.8	0.0	0.0
9	p1	0.3	0.0	0.0
9	protein1	1.0	2.1	2.0833333
9	protein2	0.05	0.1	0.3
9	r1	0.2	0.0	0.0
9	r2	0.05	0.0	0.0
9	rnapol	1.3	0.0	0.0
10	__protein1_rbs	0.7	0.0	0.0
10	__protein2_rbs	0.1	0.0	0.0
10	__protein3_rbs	0.0	0.0	0.0
10	__ribosome	89.35	0.0	0.0
10	__rnase_site_ext	2.6	0.0	0.0
10	p0	0.65	0.0	0.0
10	p1	0.5	0.0	0.0
10	protein1	1.5	2.25	2.2875
10	protein2	0.15	0.15	0.25
10	r1	0.6	0.0	0.0
10	r2	0.1	0.0	0.0
10	rnapol	1.0	0.0	0.0
11	__protein1_rbs	0.8	0.0	0.0
11	__protein2_rbs	0.2	0.0	0.0
11	__protein3_rbs	0.0	0.0	0.0
11	__ribosome	88.2	0.0	0.0
11	__rnase_site_ext	2.65	0.0	0.0
11	p0	0.9	0.0	0.0
11	p1	0.7	0.0	0.0
11	protein1	2.35	2.5	2.3708333999999995
11	protein2	0.15	0.5	0.55
11	protein3	0.0	0.05	0.05
11	r1	0.95	0.0	0.0
11	r2	0.1	0.0	0.0
11	rnapol	0.95	0.0	0.0
12	__protein1_rbs	0.8	0.0	0.0
12	__protein2_rbs	0.4	0.0	0.0
12	__protein3_rbs	0.05	0.0	0.0
12	__ribosome	146.95	0.0	0.0
12	__rnase_site_ext	2.7	0.0	0.0
12	p0	0.9	0.0	0.0
12	p1	1.1	0.0	0.0
12	protein1	3.05	2.6	2.5500000000000003
12	protein2	0.2	0.75	0.65
12	protein3	0.0	0.05	0.05
12	r1	1.15	0.0	0.0
12	r2	0.1	0.0	0.0
12	rnapol	2.65	0.0	0.0
13	__protein1_rbs	0.9	0.0	0.0
13	__protein2_rbs	0.4	0.0	0.0
13	__protein3_rbs	0.05	0.0	0.0
13	__ribosome	91.1	0.0	0.0
13	__rnase_site_ext	2.85	0.0	0.0
13	p0	0.85	0.0	0.0
13	p1	0.5	0.0	0.0
13	protein1	4.25	2.55	2.8291666500000003
13	protein2	0.3	1.0	1.025
13	protein3	0.0	0.1	0.15
13	r1	1.3	0.0	0.0
13	r2	0.1	0.0	0.0
13	rnapol	0.85	0.0	0.0
14	__protein1_rbs	0.85	0.0	0.0
14	__protein2_rbs	0.45	0.0	0.0
14	__protein3_rbs	0.05	0.0	0.0
14	__ribosome	89.85	0.0	0.0
14	__rnase_site_ext	2.95	0.0	0.0
14	p0	1.0	0.0	0.0
14	p1	0.55	0.0	0.0
14	protein1	5.2	2.65	3.03749995
14	protein2	0.35	1.2	1.36666665
14	protein3	0.0	0.1	0.2
14	r1	1.65	0.0	0.0
14	r2	0.1	0.0	0.0
14	rnapol	0.8	0.0	0.0
15	__protein1_rbs	1.05	0.0	0.0
15	__protein2_rbs	0.8	0.0	0.0
15	__protein3_rbs	0.05	0.0	0.0
15	__ribosome	88.9	0.0	0.0
15	__rnase_site_ext	3.0	0.0	0.0
15	p0	0.9	0.0	0.0
15	p1	0.6	0.0	0.0
15	protein1	6.6	2.85	2.89999995
15	protein2	0.4	1.5	1.6
15	protein3	0.0	0.1	0.25
15	r1	1.95	0.0	0.0
15	r2	0.2	0.0	0.0
15	rnapol	0.7	0.0	0.0
16	__protein1_rbs	0.7	0.0	0.0
16	__protein2_rbs	0.75	0.0	0.0
16	__protein3_rbs	0.0	0.0	0.0
16	__ribosome	87.75	0.0	0.0
16	__rnase_site_ext	3.25	0.0	0.0
16	p0	0.8	0.0	0.0
16	p1	0.6	0.0	0.0
16	protein1	8.25	2.8	3.1041667
16	protein2	0.7	1.85	1.7416666499999998
16	protein3	0.0	0.1	0.35
16	r1	2.1	0.0	0.0
16	r2	0.45	0.0	0.0
16	rnapol	0.45	0.0	0.0
17	__protein1_rbs	1.35	0.0	0.0
17	__protein2_rbs	0.6	0.0	0.0
17	__protein3_rbs	0.05	0.0	0.0
17	__ribosome	86.55	0.0	0.0
17	__rnase_site_ext	3.25	0.0	0.0
17	p0	0.95	0.0	0.0
17	p1	0.55	0.0	0.0
17	protein1	9.75	3.0	2.987499950000001
17	protein2	0.95	1.95	2.0666667000000003
17	protein3	0.05	0.15	0.4
17	r1	2.3	0.0	0.0
17	r2	0.6	0.0	0.0
17	rnapol	0.45	0.0	0.0
18	__protein1_rbs	1.25	0.0	0.0
18	__protein2_rbs	0.75	0.0	0.0
18	__protein3_rbs	0.15	0.0	0.0
18	__ribosome	85.4	0.0	0.0
18	__rnase_site_ext	3.35	0.0	0.0
18	p0	1.0	0.0	0.0
18	p1	0.8	0.0	0.0
18	protein1	11.5	3.2	2.8
18	protein2	1.55	2.25	2.1874999500000003
18	protein3	0.15	0.25	0.45
18	r1	2.65	0.0	0.0
18	r2	0.95	0.0	0.0
18	rnapol	0.35	0.0	0.0
19	__protein1_rbs	1.25	0.0	0.0
19	__protein2_rbs	0.95	0.0	0.0
19	__protein3_rbs	0.2	0.0	0.0
19	__ribosome	83.85	0.0	0.0
19	__rnase_site_ext	3.25	0.0	0.0
19	p0	1.0	0.0	0.0
19	p1	0.85	0.0	0.0
19	protein1	13.2	3.25	2.84166665
19	protein2	2.05	2.45	2.3958334
19	protein3	0.25	0.55	0.625
19	r1	2.8	0.0	0.0
19	r2	1.2	0.0	0.0
19	rnapol	0.4	0.0	0.0
20	__protein1_rbs	0.8	0.0	0.0
20	__protein2_rbs	1.15	0.0	0.0
20	__protein3_rbs	0.45	0.0	0.0
20	__ribosome	82.1	0.0	0.0
20	__rnase_site_ext	3.25	0.0	0.0
20	p0	0.95	0.0	0.0
20	p1	0.75	0.0	0.0
20	protein1	14.65	3.2	3.1875000000000004
20	protein2	2.8	2.7	2.4333333500000003
20	protein3	0.3	0.7	0.775
20	r1	2.85	0.0	0.0
20	r2	1.55	0.0	0.0
20	rnapol	0.35	0.0	0.0
21	__protein1_rbs	1.05	0.0	0.0
21	__protein2_rbs	1.3	0.0	0.0
21	__protein3_rbs	0.25	0.0	0.0
21	__ribosome	80.8	0.0	0.0
21	__rnase_site_ext	3.3	0.0	0.0
21	p0	1.0	0.0	0.0
21	p1	0.8	0.0	0.0
21	protein1	16.6	3.15	3.2458333500000003
21	protein2	3.75	2.85	2.4708334
21	protein3	0.3	1.05	1.3
21	r1	2.95	0.0	0.0
21	r2	1.7	0.0	0.0
21	rnapol	0.35	0.0	0.0
22	__protein1_rbs	1.4	0.0	0.0
22	__protein2_rbs	0.8	0.0	0.0
22	__protein3_rbs	0.5	0.0	0.0
22	__ribosome	79.65	0.0	0.0
22	__rnase_site_ext	3.3	0.0	0.0
22	p0	0.95	0.0	0.0
22	p1	0.85	0.0	0.0
22	protein1	18.65	3.2	3.0833334
22	protein2	5.0	2.95	2.68333335
22	protein3	0.4	1.25	1.575
22	r1	3.0	0.0	0.0
22	r2	1.95	0.0	0.0
22	rnapol	0.25	0.0	0.0
23	__protein1_rbs	1.25	0.0	0.0
23	__protein2_rbs	1.05	0.0	0.0
23	__protein3_rbs	0.65	0.0	0.0
23	__ribosome	77.85	0.0	0.0
23	__rnase_site_ext	3.3	0.0	0.0
23	p0	1.0	0.0	0.0
23	p1	0.65	0.0	0.0
23	protein1	20.0	3.2	3.4375
23	protein2	6.55	2.95	2.8958334
23	protein3	0.6	1.6	1.84166665
23	r1	3.1	0.0	0.0
23	r2	2.1	0.0	0.0
23	rnapol	0.25	0.0	0.0
24	__protein1_rbs	1.25	0.0	0.0
24	__protein2_rbs	1.25	0.0	0.0
24	__protein3_rbs	0.9	0.0	0.0
24	__ribosome	76.9	0.0	0.0
24	__rnase_site_ext	3.35	0.0	0.0
24	p0	0.95	0.0	0.0
24	p1	0.75	0.0	0.0
24	protein1	21.8	3.2	3.2833333499999995
24	protein2	8.0	3.1	2.9000000000000004
24	protein3	0.95	1.8	1.94166665
24	r1	3.2	0.0	0.0
24	r2	2.35	0.0	0.0
24	rnapol	0.6	0.0	0.0
25	__protein1_rbs	1.15	0.0	0.0
25	__protein2_rbs	1.2	0.0	0.0
25	__protein3_rbs	0.5	0.0	0.0
25	__ribosome	75.8	0.0	0.0
25	__rnase_site_ext	3.3	0.0	0.0
25	p0	0.95	0.0	0.0
25	p1	0.85	0.0	0.0
25	protein1	24.1	3.2	3.1375
25	protein2	9.4	3.15	2.94166665
25	protein3	1.3	2.05	2.4083333500000004
25	r1	3.35	0.0	0.0
25	r2	2.55	0.0	0.0
25	rnapol	0.65	0.0	0.0
26	__protein1_rbs	0.95	0.0	0.0
26	__protein2_rbs	1.1	0.0	0.0
26	__protein3_rbs	1.1	0.0	0.0
26	__ribosome	74.8	0.0	0.0
26	__rnase_site_ext	3.35	0.0	0.0
26	p0	1.0	0.0	0.0
26	p1	1.0	0.0	0.0
26	protein1	26.4	3.2	3.0333333500000004
26	protein2	10.75	3.3	3.0625000000000004
26	protein3	1.9	2.25	2.4166667
26	r1	3.5	0.0	0.0
26	r2	2.7	0.0	0.0
26	rnapol	1.05	0.0	0.0
27	__protein1_rbs	1.1	0.0	0.0
27	__protein2_rbs	1.35	0.0	0.0
27	__protein3_rbs	1.0	0.0	0.0
27	__ribosome	74.15	0.0	0.0
27	__rnase_site_ext	3.6	0.0	0.0
27	p0	0.85	0.0	0.0
27	p1	0.95	0.0	0.0
27	protein1	28.3	3.25	2.9458333000000008
27	protein2	12.75	3.4	2.9833333
27	protein3	2.75	2.5	2.3500001
27	r1	3.45	0.0	0.0
27	r2	2.85	0.0	0.0
27	rnapol	0.85	0.0	0.0
28	__protein1_rbs	1.4	0.0	0.0
28	__protein2_rbs	1.2	0.0	0.0
28	__protein3_rbs	1.25	0.0	0.0
28	__ribosome	72.95	0.0	0.0
28	__rnase_site_ext	3.6	0.0	0.0
28	p0	0.95	0.0	0.0
28	p1	0.95	0.0	0.0
28	protein1	30.2	3.5	2.8691666500000013
28	protein2	14.6	3.5	2.9999999500000003
28	protein3	3.5	2.7	2.45416665
28	r1	3.5	0.0	0.0
28	r2	2.9	0.0	0.0
28	rnapol	1.0	0.0	0.0
29	__protein1_rbs	1.7	0.0	0.0
29	__protein2_rbs	1.1	0.0	0.0
29	__protein3_rbs	0.75	0.0	0.0
29	__ribosome	72.0	0.0	0.0
29	__rnase_site_ext	3.7	0.0	0.0
29	p0	0.9	0.0	0.0
29	p1	0.9	0.0	0.0
29	protein1	32.05	3.45	2.85
29	protein2	16.3	3.5	3.0916667
29	protein3	4.5	2.7	2.63333335
29	r1	3.45	0.0	0.0
29	r2	3.0	0.0	0.0
29	rnapol	1.2	0.0	0.0
30	__protein1_rbs	1.1	0.0	0.0
30	__protein2_rbs	1.3	0.0	0.0
30	__protein3_rbs	0.85	0.0	0.0
30	__ribosome	70.55	0.0	0.0
30	__rnase_site_ext	3.85	0.0	0.0
30	p0	0.9	0.0	0.0
30	p1	0.9	0.0	0.0
30	protein1	33.55	3.6	3.0316666500000005
30	protein2	18.2	3.45	3.17499995
30	protein3	5.95	2.9	2.6791666000000007
30	r1	3.45	0.0	0.0
30	r2	3.05	0.0	0.0
30	rnapol	1.4	0.0	0.0
31	__protein1_rbs	2.25	0.0	0.0
31	__protein2_rbs	1.05	0.0	0.0
31	__protein3_rbs	1.2	0.0	0.0
31	__ribosome	70.85	0.0	0.0
31	__rnase_site_ext	4.0	0.0	0.0
31	p0	0.85	0.0	0.0
31	p1	0.95	0.0	0.0
31	protein1	35.8	3.65	2.7625
31	protein2	20.4	3.45	3.17083335
31	protein3	6.95	2.95	2.7958334
31	r1	3.5	0.0	0.0
31	r2	3.15	0.0	0.0
31	rnapol	1.5	0.0	0.0
32	__protein1_rbs	1.5	0.0	0.0
32	__protein2_rbs	1.7	0.0	0.0
32	__protein3_rbs	1.45	0.0	0.0
32	__ribosome	70.55	0.0	0.0
32	__rnase_site_ext	4.05	0.0	0.0
32	p0	0.95	0.0	0.0
32	p1	0.95	0.0	0.0
32	protein1	37.65	3.75	2.8366666500000006
32	protein2	22.35	3.55	3.0583333500000003
32	protein3	8.4	3.05	2.7958333
32	r1	3.5	0.0	0.0
32	r2	3.2	0.0	0.0
32	rnapol	1.6	0.0	0.0
33	__protein1_rbs	1.2	0.0	0.0
33	__protein2_rbs	1.55	0.0	0.0
33	__protein3_rbs	1.1	0.0	0.0
33	__ribosome	69.55	0.0	0.0
33	__rnase_site_ext	4.05	0.0	0.0
33	p0	0.75	0.0	0.0
33	p1	0.85	0.0	0.0
33	protein1	39.8	3.85	2.79
33	protein2	24.3	3.5	3.1291666999999994
33	protein3	9.6	3.1	3.0125
33	r1	3.5	0.0	0.0
33	r2	3.3	0.0	0.0
33	rnapol	1.6	0.0	0.0
34	__protein1_rbs	1.7	0.0	0.0
34	__protein2_rbs	1.55	0.0	0.0
34	__protein3_rbs	1.6	0.0	0.0
34	__ribosome	70.1	0.0	0.0
34	__rnase_site_ext	4.4	0.0	0.0
34	p0	0.75	0.0	0.0
34	p1	0.7	0.0	0.0
34	protein1	41.65	3.85	2.92166665
34	protein2	26.6	3.55	2.9666667
34	protein3	11.5	3.3	2.6958333
34	r1	3.5	0.0	0.0
34	r2	3.3	0.0	0.0
34	rnapol	1.5	0.0	0.0
35	__protein1_rbs	1.7	0.0	0.0
35	__protein2_rbs	1.55	0.0	0.0
35	__protein3_rbs	1.25	0.0	0.0
35	__ribosome	69.85	0.0	0.0
35	__rnase_site_ext	4.55	0.0	0.0
35	p0	0.95	0.0	0.0
35	p1	0.9	0.0	0.0
35	protein1	43.85	4.15	2.6949999500000006
35	protein2	28.65	3.5	2.8875
35	protein3	13.1	3.35	2.8208333
35	r1	3.6	0.0	0.0
35	r2	3.3	0.0	0.0
35	rnapol	1.45	0.0	0.0
36	__protein1_rbs	1.75	0.0	0.0
36	__protein2_rbs	1.55	0.0	0.0
36	__protein3_rbs	0.95	0.0	0.0
36	__ribosome	68.55	0.0	0.0
36	__rnase_site_ext	4.75	0.0	0.0
36	p0	0.9	0.0	0.0
36	p1	0.85	0.0	0.0
36	protein1	45.5	4.4	2.7025
36	protein2	30.65	3.55	2.83166665
36	protein3	15.0	3.3	2.9625000000000004
36	r1	3.7	0.0	0.0
36	r2	3.35	0.0	0.0
36	rnapol	1.5	0.0	0.0
37	__protein1_rbs	1.8	0.0	0.0
37	__protein2_rbs	1.45	0.0	0.0
37	__protein3_rbs	1.45	0.0	0.0
37	__ribosome	67.45	0.0	0.0
37	__rnase_site_ext	4.8	0.0	0.0
37	p0	0.95	0.0	0.0
37	p1	0.85	0.0	0.0
37	protein1	47.6	4.55	2.73583335
37	protein2	32.55	3.75	2.80416665
37	protein3	16.6	3.4	2.91249995
37	r1	3.8	0.0	0.0
37	r2	3.45	0.0	0.0
37	rnapol	1.55	0.0	0.0
38	__protein1_rbs	1.95	0.0	0.0
38	__protein2_rbs	1.75	0.0	0.0
38	__protein3_rbs	1.4	0.0	0.0
38	__ribosome	67.4	0.0	0.0
38	__rnase_site_ext	4.9	0.0	0.0
38	p0	0.75	0.0	0.0
38	p1	0.85	0.0	0.0
38	protein1	49.9	4.6	2.745
38	protein2	34.4	3.75	2.8050000499999994
38	protein3	18.55	3.4	2.8291667
38	r1	3.75	0.0	0.0
38	r2	3.4	0.0	0.0
38	rnapol	1.4	0.0	0.0
39	__protein1_rbs	2.15	0.0	0.0
39	__protein2_rbs	1.85	0.0	0.0
39	__protein3_rbs	1.5	0.0	0.0
39	__ribosome	67.05	0.0	0.0
39	__rnase_site_ext	5.1	0.0	0.0
39	p0	0.8	0.0	0.0
39	p1	0.85	0.0	0.0
39	protein1	52.05	4.7	2.7608333000000003
39	protein2	36.6	3.75	2.96666665
39	protein3	20.1	3.35	3.00833335
39	r1	3.85	0.0	0.0
39	r2	3.45	0.0	0.0
39	rnapol	1.25	0.0	0.0
40	__protein1_rbs	1.9	0.0	0.0
40	__protein2_rbs	1.75	0.0	0.0
40	__protein3_rbs	1.65	0.0	0.0
40	__ribosome	66.2	0.0	0.0
40	__rnase_site_ext	5.3	0.0	0.0
40	p0	0.85	0.0	0.0
40	p1	0.8	0.0	0.0
40	protein1	54.15	4.9	3.02499995
40	protein2	38.4	3.75	2.95
40	protein3	21.95	3.45	2.8749999000000006
40	r1	3.95	0.0	0.0
40	r2	3.3	0.0	0.0
40	rnapol	1.25	0.0	0.0
41	__protein1_rbs	2.65	0.0	0.0
41	__protein2_rbs	1.5	0.0	0.0
41	__protein3_rbs	1.15	0.0	0.0
41	__ribosome	66.35	0.0	0.0
41	__rnase_site_ext	5.35	0.0	0.0
41	p0	0.95	0.0	0.0
41	p1	0.55	0.0	0.0
41	protein1	57.1	5.15	2.75809525
41	protein2	40.3	3.9	2.99142855
41	protein3	24.1	3.45	2.8708333999999995
41	r1	4.05	0.0	0.0
41	r2	3.3	0.0	0.0
41	rnapol	1.25	0.0	0.0
42	__protein1_rbs	1.85	0.0	0.0
42	__protein2_rbs	1.6	0.0	0.0
42	__protein3_rbs	1.25	0.0	0.0
42	__ribosome	65.25	0.0	0.0
42	__rnase_site_ext	5.45	0.0	0.0
42	p0	0.8	0.0	0.0
42	p1	0.7	0.0	0.0
42	protein1	59.45	5.2	2.8758333
42	protein2	42.8	4.0	2.6714285500000003
42	protein3	25.85	3.45	3.0333333
42	r1	4.25	0.0	0.0
42	r2	3.6	0.0	0.0
42	rnapol	1.1	0.0	0.0
43	__protein1_rbs	2.0	0.0	0.0
43	__protein2_rbs	1.55	0.0	0.0
43	__protein3_rbs	1.8	0.0	0.0
43	__ribosome	64.3	0.0	0.0
43	__rnase_site_ext	5.55	0.0	0.0
43	p0	0.9	0.0	0.0
43	p1	0.8	0.0	0.0
43	protein1	62.2	5.2	2.8841667
43	protein2	44.4	4.2	2.73857145
43	protein3	27.8	3.45	2.9358333
43	r1	4.6	0.0	0.0
43	r2	3.55	0.0	0.0
43	rnapol	1.15	0.0	0.0
44	__protein1_rbs	2.35	0.0	0.0
44	__protein2_rbs	1.9	0.0	0.0
44	__protein3_rbs	1.35	0.0	0.0
44	__ribosome	62.95	0.0	0.0
44	__rnase_site_ext	5.7	0.0	0.0
44	p0	0.9	0.0	0.0
44	p1	0.85	0.0	0.0
44	protein1	64.5	5.4	2.8429762000000003
44	protein2	46.45	4.5	2.7216667
44	protein3	29.75	3.45	3.0483333000000004
44	r1	4.7	0.0	0.0
44	r2	3.55	0.0	0.0
44	rnapol	1.05	0.0	0.0
45	__protein1_rbs	2.1	0.0	0.0
45	__protein2_rbs	2.55	0.0	0.0
45	__protein3_rbs	1.4	0.0	0.0
45	__ribosome	62.5	0.0	0.0
45	__rnase_site_ext	5.7	0.0	0.0
45	p0	0.95	0.0	0.0
45	p1	0.75	0.0	0.0
45	protein1	67.4	5.4	2.8694643
45	protein2	48.6	4.65	2.57583335
45	protein3	31.6	3.65	2.92416665
45	r1	4.8	0.0	0.0
45	r2	3.65	0.0	0.0
45	rnapol	1.0	0.0	0.0
46	__protein1_rbs	2.7	0.0	0.0
46	__protein2_rbs	2.0	0.0	0.0
46	__protein3_rbs	1.15	0.0	0.0
46	__ribosome	61.7	0.0	0.0
46	__rnase_site_ext	5.75	0.0	0.0
46	p0	0.9	0.0	0.0
46	p1	0.6	0.0	0.0
46	protein1	69.85	5.45	2.78994055
46	protein2	50.55	4.65	2.73291665
46	protein3	33.7	3.65	2.97166675
46	r1	4.9	0.0	0.0
46	r2	3.85	0.0	0.0
46	rnapol	1.0	0.0	0.0
47	__protein1_rbs	2.25	0.0	0.0
47	__protein2_rbs	2.1	0.0	0.0
47	__protein3_rbs	1.65	0.0	0.0
47	__ribosome	61.45	0.0	0.0
47	__rnase_site_ext	5.85	0.0	0.0
47	p0	0.95	0.0	0.0
47	p1	0.65	0.0	0.0
47	protein1	72.75	5.5	2.7611905
47	protein2	53.0	4.8	2.70833335
47	protein3	35.85	3.7	2.8575
47	r1	5.1	0.0	0.0
47	r2	3.85	0.0	0.0
47	rnapol	1.0	0.0	0.0
48	__protein1_rbs	2.75	0.0	0.0
48	__protein2_rbs	1.95	0.0	0.0
48	__protein3_rbs	2.0	0.0	0.0
48	__ribosome	61.15	0.0	0.0
48	__rnase_site_ext	5.9	0.0	0.0
48	p0	0.85	0.0	0.0
48	p1	0.8	0.0	0.0
48	protein1	75.75	5.6	2.71577385
48	protein2	55.15	5.0	2.685
48	protein3	37.65	3.75	2.7775
48	r1	5.2	0.0	0.0
48	r2	3.95	0.0	0.0
48	rnapol	0.85	0.0	0.0
49	__protein1_rbs	2.65	0.0	0.0
49	__protein2_rbs	2.25	0.0	0.0
49	__protein3_rbs	1.75	0.0	0.0
49	__ribosome	61.3	0.0	0.0
49	__rnase_site_ext	5.9	0.0	0.0
49	p0	0.8	0.0	0.0
49	p1	0.85	0.0	0.0
49	protein1	78.75	5.65	2.69500005
49	protein2	57.9	5.1	2.6354762000000003
49	protein3	39.85	3.85	2.7
49	r1	5.4	0.0	0.0
49	r2	4.1	0.0	0.0
49	rnapol	0.65	0.0	0.0
50	__protein1_rbs	2.5	0.0	0.0
50	__protein2_rbs	2.25	0.0	0.0
50	__protein3_rbs	1.55	0.0	0.0
50	__ribosome	60.2	0.0	0.0
50	__rnase_site_ext	6.05	0.0	0.0
50	p0	1.0	0.0	0.0
50	p1	0.8	0.0	0.0
50	protein1	81.75	5.65	2.727262
50	protein2	60.15	5.35	2.656071399999999
50	protein3	41.7	3.9	2.755
50	r1	5.45	0.0	0.0
50	r2	4.35	0.0	0.0
50	rnapol	0.8	0.0	0.0
51	__protein1_rbs	2.15	0.0	0.0
51	__protein2_rbs	2.15	0.0	0.0
51	__protein3_rbs	1.9	0.0	0.0
51	__ribosome	59.1	0.0	0.0
51	__rnase_site_ext	6.05	0.0	0.0
51	p0	0.9	0.0	0.0
51	p1	0.85	0.0	0.0
51	protein1	84.7	5.85	2.6881547
51	protein2	62.7	5.45	2.71035715
51	protein3	43.85	4.05	2.6925
51	r1	5.6	0.0	0.0
51	r2	4.45	0.0	0.0
51	rnapol	0.9	0.0	0.0
52	__protein1_rbs	2.6	0.0	0.0
52	__protein2_rbs	2.4	0.0	0.0
52	__protein3_rbs	1.75	0.0	0.0
52	__ribosome	58.7	0.0	0.0
52	__rnase_site_ext	6.0	0.0	0.0
52	p0	1.0	0.0	0.0
52	p1	0.85	0.0	0.0
52	protein1	87.45	5.85	2.6698808500000006
52	protein2	65.8	5.5	2.6373810000000004
52	protein3	45.8	4.2	2.6558333000000003
52	r1	5.55	0.0	0.0
52	r2	4.45	0.0	0.0
52	rnapol	0.85	0.0	0.0
53	__protein1_rbs	2.7	0.0	0.0
53	__protein2_rbs	2.45	0.0	0.0
53	__protein3_rbs	2.35	0.0	0.0
53	__ribosome	57.35	0.0	0.0
53	__rnase_site_ext	6.05	0.0	0.0
53	p0	0.9	0.0	0.0
53	p1	0.9	0.0	0.0
53	protein1	90.5	5.85	2.7299999500000007
53	protein2	67.95	5.6	2.8484523999999998
53	protein3	47.65	4.4	2.5914285
53	r1	5.65	0.0	0.0
53	r2	4.55	0.0	0.0
53	rnapol	0.9	0.0	0.0
54	__protein1_rbs	2.45	0.0	0.0
54	__protein2_rbs	2.8	0.0	0.0
54	__protein3_rbs	2.3	0.0	0.0
54	__ribosome	57.05	0.0	0.0
54	__rnase_site_ext	6.05	0.0	0.0
54	p0	0.95	0.0	0.0
54	p1	0.95	0.0	0.0
54	protein1	93.15	5.85	2.7975595499999995
54	protein2	71.1	5.65	2.72720235
54	protein3	49.5	4.65	2.552976150000001
54	r1	5.7	0.0	0.0
54	r2	4.85	0.0	0.0
54	rnapol	0.95	0.0	0.0
55	__protein1_rbs	2.45	0.0	0.0
55	__protein2_rbs	2.25	0.0	0.0
55	__protein3_rbs	2.05	0.0	0.0
55	__ribosome	55.95	0.0	0.0
55	__rnase_site_ext	6.15	0.0	0.0
55	p0	0.8	0.0	0.0
55	p1	0.8	0.0	0.0
55	protein1	96.6	5.85	2.8424405
55	protein2	73.6	5.7	2.8450595
55	protein3	51.8	4.6	2.65166665
55	r1	5.7	0.0	0.0
55	r2	5.0	0.0	0.0
55	rnapol	0.9	0.0	0.0
56	__protein1_rbs	2.7	0.0	0.0
56	__protein2_rbs	2.8	0.0	0.0
56	__protein3_rbs	2.5	0.0	0.0
56	__ribosome	56.65	0.0	0.0
56	__rnase_site_ext	6.25	0.0	0.0
56	p0	0.95	0.0	0.0
56	p1	0.85	0.0	0.0
56	protein1	99.55	5.9	2.8304166000000004
56	protein2	76.65	5.7	2.7523809999999997
56	protein3	54.4	4.75	2.4416666
56	r1	5.7	0.0	0.0
56	r2	5.05	0.0	0.0
56	rnapol	0.95	0.0	0.0
57	__protein1_rbs	2.8	0.0	0.0
57	__protein2_rbs	2.9	0.0	0.0
57	__protein3_rbs	2.3	0.0	0.0
57	__ribosome	57.05	0.0	0.0
57	__rnase_site_ext	6.3	0.0	0.0
57	p0	0.9	0.0	0.0
57	p1	0.85	0.0	0.0
57	protein1	102.7	6.1	2.7101191
57	protein2	80.1	5.7	2.63482145
57	protein3	56.75	5.0	2.3845238
57	r1	5.85	0.0	0.0
57	r2	5.1	0.0	0.0
57	rnapol	1.05	0.0	0.0
58	__protein1_rbs	3.35	0.0	0.0
58	__protein2_rbs	2.1	0.0	0.0
58	__protein3_rbs	2.7	0.0	0.0
58	__ribosome	56.3	0.0	0.0
58	__rnase_site_ext	6.4	0.0	0.0
58	p0	0.95	0.0	0.0
58	p1	0.85	0.0	0.0
58	protein1	105.9	6.05	2.6918849500000004
58	protein2	82.95	5.8	2.729583449999999
58	protein3	58.65	5.15	2.3927381000000003
58	r1	5.85	0.0	0.0
58	r2	5.1	0.0	0.0
58	rnapol	1.2	0.0	0.0
59	__protein1_rbs	2.8	0.0	0.0
59	__protein2_rbs	2.65	0.0	0.0
59	__protein3_rbs	2.1	0.0	0.0
59	__ribosome	55.35	0.0	0.0
59	__rnase_site_ext	6.6	0.0	0.0
59	p0	0.8	0.0	0.0
59	p1	0.8	0.0	0.0
59	protein1	108.95	6.2	2.63529765
59	protein2	86.1	5.8	2.7876785
59	protein3	60.85	5.15	2.560119
59	r1	5.85	0.0	0.0
59	r2	5.2	0.0	0.0
59	rnapol	1.25	0.0	0.0
60	__protein1_rbs	3.25	0.0	0.0
60	__protein2_rbs	2.7	0.0	0.0
60	__protein3_rbs	2.25	0.0	0.0
60	__ribosome	55.05	0.0	0.0
60	__rnase_site_ext	6.75	0.0	0.0
60	p0	0.9	0.0	0.0
60	p1	0.9	0.0	0.0
60	protein1	112.35	6.25	2.539623
60	protein2	88.8	5.85	2.72857145
60	protein3	63.25	5.3	2.6104166500000003
60	r1	6.0	0.0	0.0
60	r2	5.3	0.0	0.0
60	rnapol	1.3	0.0	0.0
61	__protein1_rbs	3.0	0.0	0.0
61	__protein2_rbs	3.3	0.0	0.0
61	__protein3_rbs	2.5	0.0	0.0
61	__ribosome	54.65	0.0	0.0
61	__rnase_site_ext	6.8	0.0	0.0
61	p0	0.9	0.0	0.0
61	p1	0.9	0.0	0.0
61	protein1	115.5	6.45	2.5076985
61	protein2	92.0	6.0	2.55327375
61	protein3	65.35	5.2	2.7967857000000005
61	r1	6.0	0.0	0.0
61	r2	5.25	0.0	0.0
61	rnapol	1.2	0.0	0.0
62	__protein1_rbs	3.35	0.0	0.0
62	__protein2_rbs	2.55	0.0	0.0
62	__protein3_rbs	2.7	0.0	0.0
62	__ribosome	54.15	0.0	0.0
62	__rnase_site_ext	6.85	0.0	0.0
62	p0	0.95	0.0	0.0
62	p1	0.85	0.0	0.0
62	protein1	118.5	6.6	2.4544644
62	protein2	94.9	6.0	2.648452399999999
62	protein3	68.0	5.25	2.7085714
62	r1	6.0	0.0	0.0
62	r2	5.3	0.0	0.0
62	rnapol	1.3	0.0	0.0
63	__protein1_rbs	3.1	0.0	0.0
63	__protein2_rbs	2.75	0.0	0.0
63	__protein3_rbs	2.35	0.0	0.0
63	__ribosome	53.0	0.0	0.0
63	__rnase_site_ext	6.9	0.0	0.0
63	p0	0.8	0.0	0.0
63	p1	0.8	0.0	0.0
63	protein1	121.4	6.6	2.5563095499999995
63	protein2	97.8	6.0	2.6750595
63	protein3	70.6	5.3	2.71119055
63	r1	6.05	0.0	0.0
63	r2	5.4	0.0	0.0
63	rnapol	1.45	0.0	0.0
64	__protein1_rbs	3.05	0.0	0.0
64	__protein2_rbs	2.55	0.0	0.0
64	__protein3_rbs	2.75	0.0	0.0
64	__ribosome	52.75	0.0	0.0
64	__rnase_site_ext	7.05	0.0	0.0
64	p0	0.75	0.0	0.0
64	p1	0.85	0.0	0.0
64	protein1	124.4	6.6	2.6866072
64	protein2	100.95	6.05	2.7154762000000003
64	protein3	73.7	5.35	2.5444047999999997
64	r1	6.15	0.0	0.0
64	r2	5.4	0.0	0.0
64	rnapol	1.25	0.0	0.0
65	__protein1_rbs	3.15	0.0	0.0
65	__protein2_rbs	3.0	0.0	0.0
65	__protein3_rbs	2.05	0.0	0.0
65	__ribosome	52.85	0.0	0.0
65	__rnase_site_ext	7.3	0.0	0.0
65	p0	0.75	0.0	0.0
65	p1	0.8	0.0	0.0
65	protein1	127.9	6.8	2.57606605
65	protein2	104.05	6.1	2.6389880500000005
65	protein3	76.6	5.35	2.631666650000001
65	r1	6.1	0.0	0.0
65	r2	5.5	0.0	0.0
65	rnapol	0.95	0.0	0.0
66	__protein1_rbs	3.3	0.0	0.0
66	__protein2_rbs	2.65	0.0	0.0
66	__protein3_rbs	2.45	0.0	0.0
66	__ribosome	51.45	0.0	0.0
66	__rnase_site_ext	7.2	0.0	0.0
66	p0	0.95	0.0	0.0
66	p1	0.75	0.0	0.0
66	protein1	131.35	7.1	2.50031565
66	protein2	106.85	6.15	2.7699405499999994
66	protein3	78.9	5.45	2.67238095
66	r1	6.25	0.0	0.0
66	r2	5.6	0.0	0.0
66	rnapol	1.1	0.0	0.0
67	__protein1_rbs	3.0	0.0	0.0
67	__protein2_rbs	2.85	0.0	0.0
67	__protein3_rbs	2.75	0.0	0.0
67	__ribosome	50.6	0.0	0.0
67	__rnase_site_ext	7.2	0.0	0.0
67	p0	0.9	0.0	0.0
67	p1	0.75	0.0	0.0
67	protein1	134.25	7.1	2.6586886000000005
67	protein2	110.1	6.25	2.6916667000000003
67	protein3	81.55	5.6	2.5755953
67	r1	6.35	0.0	0.0
67	r2	5.6	0.0	0.0
67	rnapol	1.1	0.0	0.0
68	__protein1_rbs	3.35	0.0	0.0
68	__protein2_rbs	3.0	0.0	0.0
68	__protein3_rbs	2.65	0.0	0.0
68	__ribosome	49.7	0.0	0.0
68	__rnase_site_ext	7.3	0.0	0.0
68	p0	0.8	0.0	0.0
68	p1	0.9	0.0	0.0
68	protein1	137.7	7.05	2.7390674500000003
68	protein2	113.25	6.25	2.68809525
68	protein3	84.05	5.65	2.6480952000000006
68	r1	6.45	0.0	0.0
68	r2	5.45	0.0	0.0
68	rnapol	0.95	0.0	0.0
69	__protein1_rbs	3.8	0.0	0.0
69	__protein2_rbs	2.55	0.0	0.0
69	__protein3_rbs	2.8	0.0	0.0
69	__ribosome	50.05	0.0	0.0
69	__rnase_site_ext	7.25	0.0	0.0
69	p0	1.0	0.0	0.0
69	p1	0.85	0.0	0.0
69	protein1	141.05	7.0	2.7131151999999994
69	protein2	116.9	6.45	2.6141666999999997
69	protein3	86.75	5.6	2.7010119500000007
69	r1	6.45	0.0	0.0
69	r2	5.5	0.0	0.0
69	rnapol	0.95	0.0	0.0
70	__protein1_rbs	3.3	0.0	0.0
70	__protein2_rbs	3.5	0.0	0.0
70	__protein3_rbs	2.6	0.0	0.0
70	__ribosome	50.8	0.0	0.0
70	__rnase_site_ext	7.3	0.0	0.0
70	p0	0.9	0.0	0.0
70	p1	0.6	0.0	0.0
70	protein1	144.75	7.05	2.7075397
70	protein2	119.95	6.6	2.5009722000000005
70	protein3	89.8	5.65	2.5996428000000003
70	r1	6.5	0.0	0.0
70	r2	5.4	0.0	0.0
70	rnapol	0.9	0.0	0.0
71	__protein1_rbs	2.8	0.0	0.0
71	__protein2_rbs	3.0	0.0	0.0
71	__protein3_rbs	2.7	0.0	0.0
71	__ribosome	50.25	0.0	0.0
71	__rnase_site_ext	7.25	0.0	0.0
71	p0	0.85	0.0	0.0
71	p1	0.5	0.0	0.0
71	protein1	148.55	7.0	2.7260913
71	protein2	123.15	6.45	2.67494055
71	protein3	92.7	5.55	2.6117857000000004
71	r1	6.6	0.0	0.0
71	r2	5.5	0.0	0.0
71	rnapol	0.9	0.0	0.0
72	__protein1_rbs	3.4	0.0	0.0
72	__protein2_rbs	3.25	0.0	0.0
72	__protein3_rbs	2.4	0.0	0.0
72	__ribosome	49.3	0.0	0.0
72	__rnase_site_ext	7.35	0.0	0.0
72	p0	0.85	0.0	0.0
72	p1	0.55	0.0	0.0
72	protein1	152.05	7.05	2.69392855
72	protein2	126.25	6.55	2.7575793500000003
72	protein3	95.4	5.6	2.6757142500000004
72	r1	6.8	0.0	0.0
72	r2	5.45	0.0	0.0
72	rnapol	0.9	0.0	0.0
73	__protein1_rbs	3.7	0.0	0.0
73	__protein2_rbs	3.3	0.0	0.0
73	__protein3_rbs	2.8	0.0	0.0
73	__ribosome	50.35	0.0	0.0
73	__rnase_site_ext	7.35	0.0	0.0
73	p0	1.0	0.0	0.0
73	p1	0.8	0.0	0.0
73	protein1	155.65	7.1	2.56978175
73	protein2	129.65	6.7	2.6083731
73	protein3	98.3	5.6	2.6158333500000004
73	r1	7.15	0.0	0.0
73	r2	5.5	0.0	0.0
73	rnapol	0.95	0.0	0.0
74	__protein1_rbs	3.55	0.0	0.0
74	__protein2_rbs	3.15	0.0	0.0
74	__protein3_rbs	2.8	0.0	0.0
74	__ribosome	50.2	0.0	0.0
74	__rnase_site_ext	7.4	0.0	0.0
74	p0	0.85	0.0	0.0
74	p1	0.85	0.0	0.0
74	protein1	159.6	7.15	2.5261904
74	protein2	133.05	7.0	2.5490422
74	protein3	101.05	5.6	2.6436309
74	r1	7.3	0.0	0.0
74	r2	5.7	0.0	0.0
74	rnapol	0.85	0.0	0.0
75	__protein1_rbs	4.0	0.0	0.0
75	__protein2_rbs	3.55	0.0	0.0
75	__protein3_rbs	2.9	0.0	0.0
75	__ribosome	49.5	0.0	0.0
75	__rnase_site_ext	7.4	0.0	0.0
75	p0	0.95	0.0	0.0
75	p1	0.7	0.0	0.0
75	protein1	162.8	7.2	2.4882340999999992
75	protein2	135.85	7.3	2.57247825
75	protein3	103.7	5.6	2.6591667
75	r1	7.3	0.0	0.0
75	r2	5.65	0.0	0.0
75	rnapol	0.9	0.0	0.0
76	__protein1_rbs	4.15	0.0	0.0
76	__protein2_rbs	3.75	0.0	0.0
76	__protein3_rbs	2.7	0.0	0.0
76	__ribosome	51.0	0.0	0.0
76	__rnase_site_ext	7.35	0.0	0.0
76	p0	0.85	0.0	0.0
76	p1	0.75	0.0	0.0
76	protein1	166.35	7.15	2.4068325999999995
76	protein2	139.9	7.35	2.4409199000000004
76	protein3	106.75	5.6	2.6647023000000005
76	r1	7.5	0.0	0.0
76	r2	5.75	0.0	0.0
76	rnapol	0.8	0.0	0.0
77	__protein1_rbs	2.9	0.0	0.0
77	__protein2_rbs	3.7	0.0	0.0
77	__protein3_rbs	2.8	0.0	0.0
77	__ribosome	50.8	0.0	0.0
77	__rnase_site_ext	7.35	0.0	0.0
77	p0	0.85	0.0	0.0
77	p1	0.85	0.0	0.0
77	protein1	170.2	7.15	2.4504455000000003
77	protein2	143.05	7.35	2.4498845499999997
77	protein3	109.6	5.75	2.5011904000000005
77	r1	7.65	0.0	0.0
77	r2	5.7	0.0	0.0
77	rnapol	0.7	0.0	0.0
78	__protein1_rbs	3.4	0.0	0.0
78	__protein2_rbs	3.7	0.0	0.0
78	__protein3_rbs	3.05	0.0	0.0
78	__ribosome	49.9	0.0	0.0
78	__rnase_site_ext	7.45	0.0	0.0
78	p0	0.9	0.0	0.0
78	p1	0.85	0.0	0.0
78	protein1	173.9	7.15	2.5126515
78	protein2	146.15	7.65	2.4554166000000004
78	protein3	112.4	5.8	2.4552381000000003
78	r1	7.8	0.0	0.0
78	r2	5.65	0.0	0.0
78	rnapol	0.65	0.0	0.0
79	__protein1_rbs	3.85	0.0	0.0
79	__protein2_rbs	3.95	0.0	0.0
79	__protein3_rbs	2.85	0.0	0.0
79	__ribosome	49.55	0.0	0.0
79	__rnase_site_ext	7.5	0.0	0.0
79	p0	0.85	0.0	0.0
79	p1	0.7	0.0	0.0
79	protein1	177.05	7.2	2.5263131000000003
79	protein2	150.0	7.75	2.37331355
79	protein3	115.15	5.75	2.55125
79	r1	7.65	0.0	0.0
79	r2	6.05	0.0	0.0
79	rnapol	0.7	0.0	0.0
80	__protein1_rbs	3.7	0.0	0.0
80	__protein2_rbs	4.2	0.0	0.0
80	__protein3_rbs	3.3	0.0	0.0
80	__ribosome	49.3	0.0	0.0
80	__rnase_site_ext	7.55	0.0	0.0
80	p0	1.0	0.0	0.0
80	p1	0.8	0.0	0.0
80	protein1	180.35	7.25	2.52496745
80	protein2	153.25	7.75	2.3932341
80	protein3	117.85	5.95	2.4812698500000003
80	r1	7.75	0.0	0.0
80	r2	6.3	0.0	0.0
80	rnapol	0.75	0.0	0.0
81	__protein1_rbs	3.65	0.0	0.0
81	__protein2_rbs	3.3	0.0	0.0
81	__protein3_rbs	3.1	0.0	0.0
81	__ribosome	47.6	0.0	0.0
81	__rnase_site_ext	7.65	0.0	0.0
81	p0	0.9	0.0	0.0
81	p1	0.8	0.0	0.0
81	protein1	183.35	7.35	2.5492731
81	protein2	156.85	7.75	2.4886112
81	protein3	120.5	5.95	2.5106745999999998
81	r1	7.9	0.0	0.0
81	r2	6.3	0.0	0.0
81	rnapol	0.7	0.0	0.0
82	__protein1_rbs	4.15	0.0	0.0
82	__protein2_rbs	3.55	0.0	0.0
82	__protein3_rbs	3.1	0.0	0.0
82	__ribosome	47.45	0.0	0.0
82	__rnase_site_ext	7.6	0.0	0.0
82	p0	1.0	0.0	0.0
82	p1	0.9	0.0	0.0
82	protein1	186.95	7.4	2.4844697500000006
82	protein2	160.45	7.8	2.5151389000000006
82	protein3	123.15	6.2	2.4886308500000003
82	r1	7.8	0.0	0.0
82	r2	6.25	0.0	0.0
82	rnapol	0.95	0.0	0.0
83	__protein1_rbs	3.5	0.0	0.0
83	__protein2_rbs	3.6	0.0	0.0
83	__protein3_rbs	3.45	0.0	0.0
83	__ribosome	47.45	0.0	0.0
83	__rnase_site_ext	7.55	0.0	0.0
83	p0	0.95	0.0	0.0
83	p1	0.85	0.0	0.0
83	protein1	190.95	7.4	2.49541665
83	protein2	164.45	7.9	2.50384915
83	protein3	126.1	6.45	2.4143651000000004
83	r1	7.75	0.0	0.0
83	r2	6.4	0.0	0.0
83	rnapol	1.0	0.0	0.0
84	__protein1_rbs	3.8	0.0	0.0
84	__protein2_rbs	4.35	0.0	0.0
84	__protein3_rbs	3.0	0.0	0.0
84	__ribosome	47.75	0.0	0.0
84	__rnase_site_ext	7.35	0.0	0.0
84	p0	0.95	0.0	0.0
84	p1	0.8	0.0	0.0
84	protein1	194.5	7.3	2.45650795
84	protein2	167.75	7.85	2.5148611
84	protein3	129.4	6.45	2.4031945
84	r1	7.7	0.0	0.0
84	r2	6.45	0.0	0.0
84	rnapol	1.05	0.0	0.0
85	__protein1_rbs	3.35	0.0	0.0
85	__protein2_rbs	3.9	0.0	0.0
85	__protein3_rbs	3.25	0.0	0.0
85	__ribosome	47.0	0.0	0.0
85	__rnase_site_ext	7.25	0.0	0.0
85	p0	0.9	0.0	0.0
85	p1	0.85	0.0	0.0
85	protein1	197.8	7.15	2.56402785
85	protein2	171.65	7.7	2.5642659
85	protein3	131.9	6.55	2.4849296
85	r1	7.65	0.0	0.0
85	r2	6.45	0.0	0.0
85	rnapol	1.1	0.0	0.0
86	__protein1_rbs	3.9	0.0	0.0
86	__protein2_rbs	3.8	0.0	0.0
86	__protein3_rbs	3.1	0.0	0.0
86	__ribosome	47.05	0.0	0.0
86	__rnase_site_ext	7.3	0.0	0.0
86	p0	0.95	0.0	0.0
86	p1	0.9	0.0	0.0
86	protein1	201.4	7.0	2.56537695
86	protein2	175.5	7.55	2.61886905
86	protein3	134.85	6.6	2.54664675
86	r1	7.7	0.0	0.0
86	r2	6.5	0.0	0.0
86	rnapol	1.2	0.0	0.0
87	__protein1_rbs	3.65	0.0	0.0
87	__protein2_rbs	4.0	0.0	0.0
87	__protein3_rbs	3.4	0.0	0.0
87	__ribosome	47.2	0.0	0.0
87	__rnase_site_ext	7.3	0.0	0.0
87	p0	1.0	0.0	0.0
87	p1	0.75	0.0	0.0
87	protein1	204.8	7.05	2.55295635
87	protein2	179.4	7.7	2.52666665
87	protein3	137.7	6.55	2.52204365
87	r1	7.5	0.0	0.0
87	r2	6.5	0.0	0.0
87	rnapol	1.3	0.0	0.0
88	__protein1_rbs	4.05	0.0	0.0
88	__protein2_rbs	3.7	0.0	0.0
88	__protein3_rbs	3.2	0.0	0.0
88	__ribosome	47.4	0.0	0.0
88	__rnase_site_ext	7.5	0.0	0.0
88	p0	0.9	0.0	0.0
88	p1	0.85	0.0	0.0
88	protein1	208.35	7.15	2.46525795
88	protein2	183.45	7.7	2.490119
88	protein3	140.4	6.5	2.6613888500000003
88	r1	7.65	0.0	0.0
88	r2	6.5	0.0	0.0
88	rnapol	1.3	0.0	0.0
89	__protein1_rbs	3.45	0.0	0.0
89	__protein2_rbs	3.7	0.0	0.0
89	__protein3_rbs	3.7	0.0	0.0
89	__ribosome	47.3	0.0	0.0
89	__rnase_site_ext	7.7	0.0	0.0
89	p0	0.7	0.0	0.0
89	p1	0.9	0.0	0.0
89	protein1	211.9	7.15	2.51559525
89	protein2	186.7	7.75	2.5467459999999997
89	protein3	143.8	6.55	2.52244035
89	r1	7.65	0.0	0.0
89	r2	6.6	0.0	0.0
89	rnapol	1.1	0.0	0.0
90	__protein1_rbs	4.35	0.0	0.0
90	__protein2_rbs	3.65	0.0	0.0
90	__protein3_rbs	3.4	0.0	0.0
90	__ribosome	48.15	0.0	0.0
90	__rnase_site_ext	7.85	0.0	0.0
90	p0	0.9	0.0	0.0
90	p1	0.9	0.0	0.0
90	protein1	215.6	7.3	2.37702385
90	protein2	191.0	7.7	2.51283725
90	protein3	146.95	6.6	2.4803174
90	r1	7.6	0.0	0.0
90	r2	6.55	0.0	0.0
90	rnapol	1.15	0.0	0.0
91	__protein1_rbs	3.45	0.0	0.0
91	__protein2_rbs	3.9	0.0	0.0
91	__protein3_rbs	3.4	0.0	0.0
91	__ribosome	47.35	0.0	0.0
91	__rnase_site_ext	7.8	0.0	0.0
91	p0	1.0	0.0	0.0
91	p1	0.95	0.0	0.0
91	protein1	218.85	7.55	2.38596855
91	protein2	194.55	7.7	2.5129365000000004
91	protein3	150.35	6.75	2.42456345
91	r1	7.55	0.0	0.0
91	r2	6.6	0.0	0.0
91	rnapol	1.3	0.0	0.0
92	__protein1_rbs	4.2	0.0	0.0
92	__protein2_rbs	4.2	0.0	0.0
92	__protein3_rbs	3.2	0.0	0.0
92	__ribosome	47.7	0.0	0.0
92	__rnase_site_ext	7.95	0.0	0.0
92	p0	0.85	0.0	0.0
92	p1	0.9	0.0	0.0
92	protein1	221.85	7.55	2.42832255
92	protein2	198.25	7.65	2.52281445
92	protein3	153.9	6.75	2.37374995
92	r1	7.5	0.0	0.0
92	r2	6.65	0.0	0.0
92	rnapol	1.35	0.0	0.0
93	__protein1_rbs	4.25	0.0	0.0
93	__protein2_rbs	3.8	0.0	0.0
93	__protein3_rbs	3.8	0.0	0.0
93	__ribosome	47.6	0.0	0.0
93	__rnase_site_ext	8.05	0.0	0.0
93	p0	0.8	0.0	0.0
93	p1	0.8	0.0	0.0
93	protein1	225.4	7.65	2.3217117000000003
93	protein2	201.95	7.55	2.5656090000000003
93	protein3	156.6	6.75	2.4859127
93	r1	7.35	0.0	0.0
93	r2	6.7	0.0	0.0
93	rnapol	1.25	0.0	0.0
94	__protein1_rbs	3.8	0.0	0.0
94	__protein2_rbs	3.9	0.0	0.0
94	__protein3_rbs	3.5	0.0	0.0
94	__ribosome	46.85	0.0	0.0
94	__rnase_site_ext	8.35	0.0	0.0
94	p0	0.7	0.0	0.0
94	p1	0.8	0.0	0.0
94	protein1	228.95	7.8	2.27782105
94	protein2	205.45	7.55	2.5644048
94	protein3	159.65	6.65	2.57138885
94	r1	7.45	0.0	0.0
94	r2	6.75	0.0	0.0
94	rnapol	1.0	0.0	0.0
95	__protein1_rbs	4.0	0.0	0.0
95	__protein2_rbs	4.35	0.0	0.0
95	__protein3_rbs	3.3	0.0	0.0
95	__ribosome	46.3	0.0	0.0
95	__rnase_site_ext	8.45	0.0	0.0
95	p0	0.95	0.0	0.0
95	p1	0.75	0.0	0.0
95	protein1	232.2	7.95	2.314334400000001
95	protein2	209.4	7.45	2.5003372500000003
95	protein3	162.5	6.8	2.5634920999999995
95	r1	7.45	0.0	0.0
95	r2	6.7	0.0	0.0
95	rnapol	0.95	0.0	0.0
96	__protein1_rbs	4.05	0.0	0.0
96	__protein2_rbs	3.65	0.0	0.0
96	__protein3_rbs	3.55	0.0	0.0
96	__ribosome	46.45	0.0	0.0
96	__rnase_site_ext	8.35	0.0	0.0
96	p0	0.9	0.0	0.0
96	p1	0.55	0.0	0.0
96	protein1	235.65	8.2	2.3185588
96	protein2	213.5	7.45	2.4673825000000003
96	protein3	165.75	6.8	2.5415476000000004
96	r1	7.5	0.0	0.0
96	r2	6.6	0.0	0.0
96	rnapol	1.0	0.0	0.0
97	__protein1_rbs	3.65	0.0	0.0
97	__protein2_rbs	3.95	0.0	0.0
97	__protein3_rbs	3.1	0.0	0.0
97	__ribosome	45.85	0.0	0.0
97	__rnase_site_ext	8.6	0.0	0.0
97	p0	0.75	0.0	0.0
97	p1	0.65	0.0	0.0
97	protein1	238.7	8.15	2.49877335
97	protein2	217.25	7.55	2.34570055
97	protein3	169.55	6.85	2.51490075
97	r1	7.65	0.0	0.0
97	r2	6.35	0.0	0.0
97	rnapol	0.95	0.0	0.0
98	__protein1_rbs	4.75	0.0	0.0
98	__protein2_rbs	3.95	0.0	0.0
98	__protein3_rbs	3.8	0.0	0.0
98	__ribosome	45.6	0.0	0.0
98	__rnase_site_ext	8.65	0.0	0.0
98	p0	0.85	0.0	0.0
98	p1	0.8	0.0	0.0
98	protein1	242.6	8.25	2.4133008000000005
98	protein2	220.4	7.65	2.3890964
98	protein3	172.25	7.0	2.4710317500000007
98	r1	7.9	0.0	0.0
98	r2	6.3	0.0	0.0
98	rnapol	0.85	0.0	0.0
99	__protein1_rbs	4.4	0.0	0.0
99	__protein2_rbs	4.55	0.0	0.0
99	__protein3_rbs	3.65	0.0	0.0
99	__ribosome	46.1	0.0	0.0
99	__rnase_site_ext	8.55	0.0	0.0
99	p0	0.95	0.0	0.0
99	p1	0.7	0.0	0.0
99	protein1	246.4	8.2	2.45261905
99	protein2	223.9	7.9	2.2972145000000004
99	protein3	175.85	6.9	2.46013895
99	r1	8.0	0.0	0.0
99	r2	6.25	0.0	0.0
99	rnapol	0.9	0.0	0.0
100	__protein1_rbs	4.45	0.0	0.0
100	__protein2_rbs	4.5	0.0	0.0
100	__protein3_rbs	3.05	0.0	0.0
100	__ribosome	44.75	0.0	0.0
100	__rnase_site_ext	8.6	0.0	0.0
100	p0	0.9	0.0	0.0
100	p1	0.55	0.0	0.0
100	protein1	250.1	8.25	2.4167892999999996
100	protein2	227.25	7.95	2.3136508
100	protein3	178.45	6.8	2.69741885
100	r1	8.05	0.0	0.0
100	r2	6.35	0.0	0.0
100	rnapol	0.8	0.0	0.0
101	__protein1_rbs	4.7	0.0	0.0
101	__protein2_rbs	4.0	0.0	0.0
101	__protein3_rbs	4.05	0.0	0.0
101	__ribosome	46.1	0.0	0.0
101	__rnase_site_ext	8.65	0.0	0.0
101	p0	0.95	0.0	0.0
101	p1	0.6	0.0	0.0
101	protein1	254.05	8.25	2.3818326
101	protein2	231.1	8.0	2.33849205
101	protein3	182.4	6.55	2.6165043
101	r1	8.2	0.0	0.0
101	r2	6.3	0.0	0.0
101	rnapol	0.95	0.0	0.0
102	__protein1_rbs	4.5	0.0	0.0
102	__protein2_rbs	3.95	0.0	0.0
102	__protein3_rbs	3.75	0.0	0.0
102	__ribosome	45.65	0.0	0.0
102	__rnase_site_ext	8.65	0.0	0.0
102	p0	0.9	0.0	0.0
102	p1	0.8	0.0	0.0
102	protein1	257.8	8.35	2.38566555
102	protein2	234.35	8.25	2.3546825
102	protein3	185.6	6.45	2.55140335
102	r1	8.15	0.0	0.0
102	r2	6.35	0.0	0.0
102	rnapol	0.85	0.0	0.0
103	__protein1_rbs	4.15	0.0	0.0
103	__protein2_rbs	4.05	0.0	0.0
103	__protein3_rbs	2.9	0.0	0.0
103	__ribosome	44.9	0.0	0.0
103	__rnase_site_ext	8.7	0.0	0.0
103	p0	0.9	0.0	0.0
103	p1	0.8	0.0	0.0
103	protein1	261.9	8.4	2.31409985
103	protein2	238.2	8.35	2.339978400000001
103	protein3	188.6	6.35	2.6620581000000003
103	r1	8.1	0.0	0.0
103	r2	6.35	0.0	0.0
103	rnapol	0.85	0.0	0.0
104	__protein1_rbs	4.0	0.0	0.0
104	__protein2_rbs	4.2	0.0	0.0
104	__protein3_rbs	3.75	0.0	0.0
104	__ribosome	44.2	0.0	0.0
104	__rnase_site_ext	8.75	0.0	0.0
104	p0	0.85	0.0	0.0
104	p1	0.75	0.0	0.0
104	protein1	265.3	8.4	2.42184165
104	protein2	241.6	8.2	2.4723215
104	protein3	191.95	6.45	2.49765865
104	r1	8.2	0.0	0.0
104	r2	6.5	0.0	0.0
104	rnapol	0.85	0.0	0.0
105	__protein1_rbs	4.15	0.0	0.0
105	__protein2_rbs	4.7	0.0	0.0
105	__protein3_rbs	3.25	0.0	0.0
105	__ribosome	44.5	0.0	0.0
105	__rnase_site_ext	8.75	0.0	0.0
105	p0	1.0	0.0	0.0
105	p1	0.75	0.0	0.0
105	protein1	269.1	8.4	2.44427475
105	protein2	245.45	8.2	2.432324949999999
105	protein3	195.25	6.5	2.43727465
105	r1	8.3	0.0	0.0
105	r2	6.35	0.0	0.0
105	rnapol	0.9	0.0	0.0
106	__protein1_rbs	4.7	0.0	0.0
106	__protein2_rbs	4.2	0.0	0.0
106	__protein3_rbs	3.85	0.0	0.0
106	__ribosome	44.95	0.0	0.0
106	__rnase_site_ext	8.75	0.0	0.0
106	p0	0.75	0.0	0.0
106	p1	0.75	0.0	0.0
106	protein1	272.95	8.45	2.3807338
106	protein2	249.15	8.3	2.4258135500000004
106	protein3	198.25	6.65	2.3280952000000004
106	r1	8.4	0.0	0.0
106	r2	6.4	0.0	0.0
106	rnapol	0.7	0.0	0.0
107	__protein1_rbs	4.75	0.0	0.0
107	__protein2_rbs	4.7	0.0	0.0
107	__protein3_rbs	3.6	0.0	0.0
107	__ribosome	44.7	0.0	0.0
107	__rnase_site_ext	8.85	0.0	0.0
107	p0	0.9	0.0	0.0
107	p1	0.75	0.0	0.0
107	protein1	276.8	8.5	2.37356275
107	protein2	252.9	8.4	2.398307999999999
107	protein3	200.8	6.75	2.34235935
107	r1	8.4	0.0	0.0
107	r2	6.45	0.0	0.0
107	rnapol	0.6	0.0	0.0
108	__protein1_rbs	4.55	0.0	0.0
108	__protein2_rbs	4.95	0.0	0.0
108	__protein3_rbs	3.3	0.0	0.0
108	__ribosome	46.1	0.0	0.0
108	__rnase_site_ext	8.9	0.0	0.0
108	p0	0.95	0.0	0.0
108	p1	0.8	0.0	0.0
108	protein1	280.9	8.6	2.34289795
108	protein2	257.3	8.45	2.2221735000000007
108	protein3	204.4	6.65	2.367922
108	r1	8.45	0.0	0.0
108	r2	6.6	0.0	0.0
108	rnapol	0.65	0.0	0.0
109	__protein1_rbs	4.25	0.0	0.0
109	__protein2_rbs	4.0	0.0	0.0
109	__protein3_rbs	3.2	0.0	0.0
109	__ribosome	44.2	0.0	0.0
109	__rnase_site_ext	9.0	0.0	0.0
109	p0	0.9	0.0	0.0
109	p1	0.8	0.0	0.0
109	protein1	284.75	8.6	2.3816778999999997
109	protein2	260.85	8.5	2.3628282500000006
109	protein3	207.2	6.6	2.47349205
109	r1	8.45	0.0	0.0
109	r2	6.75	0.0	0.0
109	rnapol	0.55	0.0	0.0
110	__protein1_rbs	4.8	0.0	0.0
110	__protein2_rbs	4.35	0.0	0.0
110	__protein3_rbs	3.8	0.0	0.0
110	__ribosome	44.05	0.0	0.0
110	__rnase_site_ext	8.9	0.0	0.0
110	p0	0.95	0.0	0.0
110	p1	0.85	0.0	0.0
110	protein1	288.85	8.7	2.31723485
110	protein2	264.65	8.6	2.35821965
110	protein3	210.15	6.7	2.4538293500000004
110	r1	8.55	0.0	0.0
110	r2	6.75	0.0	0.0
110	rnapol	0.6	0.0	0.0
111	__protein1_rbs	4.65	0.0	0.0
111	__protein2_rbs	4.45	0.0	0.0
111	__protein3_rbs	3.85	0.0	0.0
111	__ribosome	43.7	0.0	0.0
111	__rnase_site_ext	9.0	0.0	0.0
111	p0	0.9	0.0	0.0
111	p1	0.8	0.0	0.0
111	protein1	292.2	8.6	2.4001932999999998
111	protein2	268.95	8.5	2.34034995
111	protein3	213.15	6.95	2.3498215
111	r1	8.6	0.0	0.0
111	r2	6.8	0.0	0.0
111	rnapol	0.6	0.0	0.0
112	__protein1_rbs	4.55	0.0	0.0
112	__protein2_rbs	4.2	0.0	0.0
112	__protein3_rbs	4.1	0.0	0.0
112	__ribosome	42.5	0.0	0.0
112	__rnase_site_ext	9.0	0.0	0.0
112	p0	0.95	0.0	0.0
112	p1	0.8	0.0	0.0
112	protein1	296.25	8.55	2.4281187
112	protein2	272.1	8.6	2.4727724
112	protein3	216.4	6.9	2.3272619000000003
112	r1	8.7	0.0	0.0
112	r2	6.9	0.0	0.0
112	rnapol	0.8	0.0	0.0
113	__protein1_rbs	4.7	0.0	0.0
113	__protein2_rbs	4.9	0.0	0.0
113	__protein3_rbs	3.75	0.0	0.0
113	__ribosome	43.2	0.0	0.0
113	__rnase_site_ext	9.1	0.0	0.0
113	p0	0.85	0.0	0.0
113	p1	0.75	0.0	0.0
113	protein1	300.45	8.6	2.3628787
113	protein2	275.9	8.7	2.4393398500000005
113	protein3	219.7	7.05	2.2880754000000003
113	r1	8.75	0.0	0.0
113	r2	6.95	0.0	0.0
113	rnapol	0.9	0.0	0.0
114	__protein1_rbs	4.55	0.0	0.0
114	__protein2_rbs	5.15	0.0	0.0
114	__protein3_rbs	3.2	0.0	0.0
114	__ribosome	43.6	0.0	0.0
114	__rnase_site_ext	9.1	0.0	0.0
114	p0	1.0	0.0	0.0
114	p1	0.8	0.0	0.0
114	protein1	304.55	8.65	2.3210318000000005
114	protein2	280.05	8.8	2.32613805
114	protein3	222.85	6.9	2.402678599999999
114	r1	8.75	0.0	0.0
114	r2	6.95	0.0	0.0
114	rnapol	1.0	0.0	0.0
115	__protein1_rbs	4.65	0.0	0.0
115	__protein2_rbs	4.45	0.0	0.0
115	__protein3_rbs	3.55	0.0	0.0
115	__ribosome	42.8	0.0	0.0
115	__rnase_site_ext	9.05	0.0	0.0
115	p0	1.0	0.0	0.0
115	p1	0.85	0.0	0.0
115	protein1	308.55	8.75	2.31726185
115	protein2	283.9	8.8	2.36803925
115	protein3	225.8	7.1	2.3918055000000003
115	r1	8.75	0.0	0.0
115	r2	7.05	0.0	0.0
115	rnapol	1.1	0.0	0.0
116	__protein1_rbs	4.7	0.0	0.0
116	__protein2_rbs	5.4	0.0	0.0
116	__protein3_rbs	4.15	0.0	0.0
116	__ribosome	43.9	0.0	0.0
116	__rnase_site_ext	9.15	0.0	0.0
116	p0	0.8	0.0	0.0
116	p1	0.8	0.0	0.0
116	protein1	312.4	8.75	2.3205231000000004
116	protein2	288.5	8.85	2.2113257499999994
116	protein3	228.75	7.1	2.40014975
116	r1	8.9	0.0	0.0
116	r2	6.85	0.0	0.0
116	rnapol	1.1	0.0	0.0
117	__protein1_rbs	4.6	0.0	0.0
117	__protein2_rbs	4.9	0.0	0.0
117	__protein3_rbs	3.25	0.0	0.0
117	__ribosome	42.8	0.0	0.0
117	__rnase_site_ext	9.2	0.0	0.0
117	p0	0.85	0.0	0.0
117	p1	0.95	0.0	0.0
117	protein1	316.35	8.7	2.34665225
117	protein2	292.3	8.85	2.24795815
117	protein3	232.25	7.15	2.43541665
117	r1	8.8	0.0	0.0
117	r2	6.85	0.0	0.0
117	rnapol	1.2	0.0	0.0
118	__protein1_rbs	4.4	0.0	0.0
118	__protein2_rbs	4.8	0.0	0.0
118	__protein3_rbs	4.3	0.0	0.0
118	__ribosome	43.25	0.0	0.0
118	__rnase_site_ext	9.2	0.0	0.0
118	p0	0.95	0.0	0.0
118	p1	0.85	0.0	0.0
118	protein1	320.25	8.75	2.37789135
118	protein2	296.6	8.95	2.17954365
118	protein3	235.7	7.2	2.38961945
118	r1	8.8	0.0	0.0
118	r2	6.95	0.0	0.0
118	rnapol	1.15	0.0	0.0
119	__protein1_rbs	4.95	0.0	0.0
119	__protein2_rbs	4.85	0.0	0.0
119	__protein3_rbs	3.9	0.0	0.0
119	__ribosome	42.2	0.0	0.0
119	__rnase_site_ext	9.25	0.0	0.0
119	p0	0.9	0.0	0.0
119	p1	0.85	0.0	0.0
119	protein1	323.95	8.8	2.37463025
119	protein2	299.85	8.9	2.25637985
119	protein3	238.65	7.2	2.45083875
119	r1	8.75	0.0	0.0
119	r2	6.9	0.0	0.0
119	rnapol	1.2	0.0	0.0
120	__protein1_rbs	4.55	0.0	0.0
120	__protein2_rbs	5.1	0.0	0.0
120	__protein3_rbs	3.45	0.0	0.0
120	__ribosome	42.45	0.0	0.0
120	__rnase_site_ext	9.4	0.0	0.0
120	p0	0.75	0.0	0.0
120	p1	0.9	0.0	0.0
120	protein1	328.4	8.85	2.32601555
120	protein2	303.8	8.75	2.3132449
120	protein3	242.15	7.1	2.45224745
120	r1	8.8	0.0	0.0
120	r2	6.85	0.0	0.0
120	rnapol	1.15	0.0	0.0
121	__protein1_rbs	4.8	0.0	0.0
121	__protein2_rbs	4.8	0.0	0.0
121	__protein3_rbs	3.5	0.0	0.0
121	__ribosome	42.55	0.0	0.0
121	__rnase_site_ext	9.35	0.0	0.0
121	p0	0.95	0.0	0.0
121	p1	0.85	0.0	0.0
121	protein1	332.65	8.95	2.28839715
121	protein2	307.65	8.85	2.32744585
121	protein3	245.6	7.05	2.4508784
121	r1	8.85	0.0	0.0
121	r2	6.95	0.0	0.0
121	rnapol	1.35	0.0	0.0
122	__protein1_rbs	4.5	0.0	0.0
122	__protein2_rbs	4.6	0.0	0.0
122	__protein3_rbs	3.9	0.0	0.0
122	__ribosome	42.35	0.0	0.0
122	__rnase_site_ext	9.4	0.0	0.0
122	p0	0.95	0.0	0.0
122	p1	0.95	0.0	0.0
122	protein1	336.7	9.05	2.27558745
122	protein2	311.2	8.8	2.41467535
122	protein3	249.15	7.05	2.37490075
122	r1	8.8	0.0	0.0
122	r2	6.9	0.0	0.0
122	rnapol	1.3	0.0	0.0
123	__protein1_rbs	4.95	0.0	0.0
123	__protein2_rbs	4.3	0.0	0.0
123	__protein3_rbs	3.8	0.0	0.0
123	__ribosome	41.85	0.0	0.0
123	__rnase_site_ext	9.45	0.0	0.0
123	p0	0.9	0.0	0.0
123	p1	0.8	0.0	0.0
123	protein1	340.15	9.05	2.3232598500000003
123	protein2	315.45	8.8	2.4489809
123	protein3	252.85	7.1	2.3108530499999995
123	r1	8.75	0.0	0.0
123	r2	6.95	0.0	0.0
123	rnapol	1.35	0.0	0.0
124	__protein1_rbs	4.9	0.0	0.0
124	__protein2_rbs	4.25	0.0	0.0
124	__protein3_rbs	3.85	0.0	0.0
124	__ribosome	40.7	0.0	0.0
124	__rnase_site_ext	9.6	0.0	0.0
124	p0	0.9	0.0	0.0
124	p1	0.75	0.0	0.0
124	protein1	344.3	9.05	2.3148955
124	protein2	319.2	8.85	2.5424188
124	protein3	255.7	7.0	2.4319642999999997
124	r1	8.7	0.0	0.0
124	r2	7.1	0.0	0.0
124	rnapol	1.25	0.0	0.0
125	__protein1_rbs	5.6	0.0	0.0
125	__protein2_rbs	5.05	0.0	0.0
125	__protein3_rbs	3.5	0.0	0.0
125	__ribosome	42.2	0.0	0.0
125	__rnase_site_ext	9.7	0.0	0.0
125	p0	0.85	0.0	0.0
125	p1	0.7	0.0	0.0
125	protein1	348.35	9.25	2.16829075
125	protein2	323.5	8.75	2.4308621500000003
125	protein3	258.65	7.15	2.4328572
125	r1	8.8	0.0	0.0
125	r2	7.1	0.0	0.0
125	rnapol	1.15	0.0	0.0
126	__protein1_rbs	4.25	0.0	0.0
126	__protein2_rbs	4.65	0.0	0.0
126	__protein3_rbs	3.95	0.0	0.0
126	__ribosome	40.9	0.0	0.0
126	__rnase_site_ext	9.75	0.0	0.0
126	p0	0.95	0.0	0.0
126	p1	0.8	0.0	0.0
126	protein1	352.35	9.3	2.3155939
126	protein2	327.3	8.8	2.4523791
126	protein3	261.85	7.15	2.44547625
126	r1	9.0	0.0	0.0
126	r2	7.0	0.0	0.0
126	rnapol	1.25	0.0	0.0
127	__protein1_rbs	4.95	0.0	0.0
127	__protein2_rbs	5.1	0.0	0.0
127	__protein3_rbs	3.95	0.0	0.0
127	__ribosome	42.55	0.0	0.0
127	__rnase_site_ext	9.7	0.0	0.0
127	p0	1.0	0.0	0.0
127	p1	0.7	0.0	0.0
127	protein1	356.85	9.35	2.2801744999999998
127	protein2	332.05	8.9	2.30042565
127	protein3	265.3	7.15	2.36470235
127	r1	8.85	0.0	0.0
127	r2	6.95	0.0	0.0
127	rnapol	1.3	0.0	0.0
128	__protein1_rbs	4.95	0.0	0.0
128	__protein2_rbs	5.15	0.0	0.0
128	__protein3_rbs	3.55	0.0	0.0
128	__ribosome	42.2	0.0	0.0
128	__rnase_site_ext	9.8	0.0	0.0
128	p0	0.9	0.0	0.0
128	p1	0.75	0.0	0.0
128	protein1	360.75	9.35	2.3055931000000003
128	protein2	336.2	9.05	2.2025595
128	protein3	268.6	7.25	2.37287695
128	r1	9.0	0.0	0.0
128	r2	6.8	0.0	0.0
128	rnapol	1.3	0.0	0.0
129	__protein1_rbs	4.7	0.0	0.0
129	__protein2_rbs	4.8	0.0	0.0
129	__protein3_rbs	3.4	0.0	0.0
129	__ribosome	40.6	0.0	0.0
129	__rnase_site_ext	9.9	0.0	0.0
129	p0	0.7	0.0	0.0
129	p1	0.85	0.0	0.0
129	protein1	363.95	9.35	2.44731415
129	protein2	340.3	8.9	2.2144985000000004
129	protein3	271.75	7.15	2.5350992500000005
129	r1	9.1	0.0	0.0
129	r2	6.85	0.0	0.0
129	rnapol	1.1	0.0	0.0
130	__protein1_rbs	5.3	0.0	0.0
130	__protein2_rbs	5.05	0.0	0.0
130	__protein3_rbs	4.25	0.0	0.0
130	__ribosome	40.8	0.0	0.0
130	__rnase_site_ext	9.9	0.0	0.0
130	p0	0.9	0.0	0.0
130	p1	0.8	0.0	0.0
130	protein1	368.15	9.35	2.4327958
130	protein2	344.1	9.1	2.2070887000000003
130	protein3	275.05	7.1	2.4660119
130	r1	9.3	0.0	0.0
130	r2	6.75	0.0	0.0
130	rnapol	1.15	0.0	0.0
131	__protein1_rbs	5.0	0.0	0.0
131	__protein2_rbs	5.05	0.0	0.0
131	__protein3_rbs	3.9	0.0	0.0
131	__ribosome	41.0	0.0	0.0
131	__rnase_site_ext	9.85	0.0	0.0
131	p0	0.85	0.0	0.0
131	p1	0.7	0.0	0.0
131	protein1	372.95	9.55	2.329026
131	protein2	347.7	9.2	2.1991155500000006
131	protein3	278.0	7.0	2.53611105
131	r1	9.3	0.0	0.0
131	r2	6.9	0.0	0.0
131	rnapol	1.25	0.0	0.0
132	__protein1_rbs	5.25	0.0	0.0
132	__protein2_rbs	5.3	0.0	0.0
132	__protein3_rbs	3.4	0.0	0.0
132	__ribosome	41.45	0.0	0.0
132	__rnase_site_ext	9.9	0.0	0.0
132	p0	0.8	0.0	0.0
132	p1	0.75	0.0	0.0
132	protein1	377.2	9.45	2.3120756
132	protein2	351.7	9.3	2.16989785
132	protein3	281.55	7.0	2.4897023
132	r1	9.4	0.0	0.0
132	r2	6.9	0.0	0.0
132	rnapol	1.1	0.0	0.0
133	__protein1_rbs	5.25	0.0	0.0
133	__protein2_rbs	4.8	0.0	0.0
133	__protein3_rbs	4.05	0.0	0.0
133	__ribosome	41.35	0.0	0.0
133	__rnase_site_ext	9.95	0.0	0.0
133	p0	1.0	0.0	0.0
133	p1	0.8	0.0	0.0
133	protein1	381.25	9.5	2.3076112500000003
133	protein2	355.5	9.4	2.1864935
133	protein3	284.9	7.0	2.41914685
133	r1	9.4	0.0	0.0
133	r2	6.8	0.0	0.0
133	rnapol	1.2	0.0	0.0
134	__protein1_rbs	5.35	0.0	0.0
134	__protein2_rbs	5.25	0.0	0.0
134	__protein3_rbs	4.3	0.0	0.0
134	__ribosome	41.65	0.0	0.0
134	__rnase_site_ext	10.0	0.0	0.0
134	p0	0.9	0.0	0.0
134	p1	0.85	0.0	0.0
134	protein1	385.7	9.6	2.2520559
134	protein2	359.2	9.5	2.23014735
134	protein3	288.35	7.05	2.2922836
134	r1	9.4	0.0	0.0
134	r2	6.8	0.0	0.0
134	rnapol	1.15	0.0	0.0
135	__protein1_rbs	5.05	0.0	0.0
135	__protein2_rbs	4.8	0.0	0.0
135	__protein3_rbs	4.25	0.0	0.0
135	__ribosome	41.25	0.0	0.0
135	__rnase_site_ext	9.9	0.0	0.0
135	p0	0.9	0.0	0.0
135	p1	0.95	0.0	0.0
135	protein1	390.2	9.6	2.2380245000000003
135	protein2	363.05	9.45	2.3101804
135	protein3	291.6	7.1	2.2219444
135	r1	9.4	0.0	0.0
135	r2	6.95	0.0	0.0
135	rnapol	1.05	0.0	0.0
136	__protein1_rbs	4.95	0.0	0.0
136	__protein2_rbs	5.1	0.0	0.0
136	__protein3_rbs	4.05	0.0	0.0
136	__ribosome	41.4	0.0	0.0
136	__rnase_site_ext	10.0	0.0	0.0
136	p0	0.8	0.0	0.0
136	p1	0.6	0.0	0.0
136	protein1	394.45	9.55	2.278562
136	protein2	367.15	9.45	2.356313
136	protein3	295.1	6.95	2.19996025
136	r1	9.35	0.0	0.0
136	r2	6.95	0.0	0.0
136	rnapol	0.95	0.0	0.0
137	__protein1_rbs	4.6	0.0	0.0
137	__protein2_rbs	5.05	0.0	0.0
137	__protein3_rbs	3.35	0.0	0.0
137	__ribosome	39.9	0.0	0.0
137	__rnase_site_ext	9.95	0.0	0.0
137	p0	0.95	0.0	0.0
137	p1	0.65	0.0	0.0
137	protein1	398.05	9.55	2.39998505
137	protein2	371.2	9.35	2.4262372999999995
137	protein3	298.5	7.05	2.17981055
137	r1	9.3	0.0	0.0
137	r2	7.0	0.0	0.0
137	rnapol	0.95	0.0	0.0
138	__protein1_rbs	5.05	0.0	0.0
138	__protein2_rbs	5.35	0.0	0.0
138	__protein3_rbs	3.9	0.0	0.0
138	__ribosome	39.65	0.0	0.0
138	__rnase_site_ext	10.05	0.0	0.0
138	p0	0.8	0.0	0.0
138	p1	0.85	0.0	0.0
138	protein1	402.45	9.5	2.41423155
138	protein2	375.6	9.35	2.3952923
138	protein3	301.15	7.1	2.24910175
138	r1	9.65	0.0	0.0
138	r2	7.0	0.0	0.0
138	rnapol	0.85	0.0	0.0
139	__protein1_rbs	5.55	0.0	0.0
139	__protein2_rbs	4.8	0.0	0.0
139	__protein3_rbs	4.05	0.0	0.0
139	__ribosome	39.5	0.0	0.0
139	__rnase_site_ext	10.1	0.0	0.0
139	p0	0.9	0.0	0.0
139	p1	0.7	0.0	0.0
139	protein1	406.6	9.55	2.34691915
139	protein2	380.0	9.45	2.3998659
139	protein3	303.9	7.2	2.24821425
139	r1	9.7	0.0	0.0
139	r2	7.1	0.0	0.0
139	rnapol	0.75	0.0	0.0
140	__protein1_rbs	5.45	0.0	0.0
140	__protein2_rbs	4.9	0.0	0.0
140	__protein3_rbs	3.65	0.0	0.0
140	__ribosome	39.8	0.0	0.0
140	__rnase_site_ext	10.15	0.0	0.0
140	p0	1.0	0.0	0.0
140	p1	0.9	0.0	0.0
140	protein1	411.05	9.7	2.3371007999999995
140	protein2	384.9	9.7	2.2943813
140	protein3	307.15	7.1	2.3156691
140	r1	9.65	0.0	0.0
140	r2	7.3	0.0	0.0
140	rnapol	0.95	0.0	0.0
141	__protein1_rbs	5.15	0.0	0.0
141	__protein2_rbs	5.55	0.0	0.0
141	__protein3_rbs	4.25	0.0	0.0
141	__ribosome	39.8	0.0	0.0
141	__rnase_site_ext	10.15	0.0	0.0
141	p0	0.95	0.0	0.0
141	p1	0.8	0.0	0.0
141	protein1	415.75	9.8	2.25483765
141	protein2	388.95	9.8	2.2728855
141	protein3	309.7	7.1	2.3688727000000003
141	r1	9.8	0.0	0.0
141	r2	7.2	0.0	0.0
141	rnapol	1.0	0.0	0.0
142	__protein1_rbs	5.1	0.0	0.0
142	__protein2_rbs	5.35	0.0	0.0
142	__protein3_rbs	3.85	0.0	0.0
142	__ribosome	40.05	0.0	0.0
142	__rnase_site_ext	10.2	0.0	0.0
142	p0	0.9	0.0	0.0
142	p1	0.8	0.0	0.0
142	protein1	420.35	9.8	2.2476017
142	protein2	393.2	9.75	2.3019541
142	protein3	313.2	7.25	2.26831345
142	r1	9.7	0.0	0.0
142	r2	7.3	0.0	0.0
142	rnapol	0.9	0.0	0.0
143	__protein1_rbs	5.1	0.0	0.0
143	__protein2_rbs	5.4	0.0	0.0
143	__protein3_rbs	4.25	0.0	0.0
143	__ribosome	39.55	0.0	0.0
143	__rnase_site_ext	10.35	0.0	0.0
143	p0	0.8	0.0	0.0
143	p1	0.75	0.0	0.0
143	protein1	424.45	9.85	2.2921711
143	protein2	397.5	9.85	2.261466
143	protein3	316.15	7.4	2.2323215000000003
143	r1	9.8	0.0	0.0
143	r2	7.35	0.0	0.0
143	rnapol	0.95	0.0	0.0
144	__protein1_rbs	5.2	0.0	0.0
144	__protein2_rbs	5.6	0.0	0.0
144	__protein3_rbs	4.1	0.0	0.0
144	__ribosome	39.5	0.0	0.0
144	__rnase_site_ext	10.35	0.0	0.0
144	p0	0.85	0.0	0.0
144	p1	0.8	0.0	0.0
144	protein1	428.65	10.0	2.2705591000000003
144	protein2	401.7	9.7	2.28854035
144	protein3	319.5	7.4	2.1947510500000003
144	r1	9.85	0.0	0.0
144	r2	7.6	0.0	0.0
144	rnapol	0.95	0.0	0.0
145	__protein1_rbs	6.0	0.0	0.0
145	__protein2_rbs	4.35	0.0	0.0
145	__protein3_rbs	4.1	0.0	0.0
145	__ribosome	39.3	0.0	0.0
145	__rnase_site_ext	10.3	0.0	0.0
145	p0	0.95	0.0	0.0
145	p1	0.8	0.0	0.0
145	protein1	432.6	10.0	2.26496035
145	protein2	406.15	9.9	2.32046085
145	protein3	323.1	7.3	2.1848611
145	r1	9.85	0.0	0.0
145	r2	7.8	0.0	0.0
145	rnapol	1.0	0.0	0.0
146	__protein1_rbs	5.95	0.0	0.0
146	__protein2_rbs	5.65	0.0	0.0
146	__protein3_rbs	3.85	0.0	0.0
146	__ribosome	39.2	0.0	0.0
146	__rnase_site_ext	10.15	0.0	0.0
146	p0	0.8	0.0	0.0
146	p1	0.8	0.0	0.0
146	protein1	437.3	10.05	2.2052417
146	protein2	410.6	9.95	2.25369555
146	protein3	325.85	7.4	2.2297817
146	r1	9.9	0.0	0.0
146	r2	7.8	0.0	0.0
146	rnapol	0.9	0.0	0.0
147	__protein1_rbs	6.05	0.0	0.0
147	__protein2_rbs	5.4	0.0	0.0
147	__protein3_rbs	4.65	0.0	0.0
147	__ribosome	39.3	0.0	0.0
147	__rnase_site_ext	10.1	0.0	0.0
147	p0	0.9	0.0	0.0
147	p1	0.9	0.0	0.0
147	protein1	441.5	9.9	2.22169545
147	protein2	414.45	9.95	2.31604805
147	protein3	329.05	7.65	2.1460407000000004
147	r1	10.0	0.0	0.0
147	r2	7.8	0.0	0.0
147	rnapol	1.0	0.0	0.0
148	__protein1_rbs	5.45	0.0	0.0
148	__protein2_rbs	5.45	0.0	0.0
148	__protein3_rbs	4.6	0.0	0.0
148	__ribosome	39.25	0.0	0.0
148	__rnase_site_ext	10.0	0.0	0.0
148	p0	0.85	0.0	0.0
148	p1	0.95	0.0	0.0
148	protein1	445.6	9.95	2.25875545
148	protein2	419.4	9.95	2.27296355
148	protein3	332.2	7.8	2.1075776000000004
148	r1	9.85	0.0	0.0
148	r2	7.8	0.0	0.0
148	rnapol	1.0	0.0	0.0
149	__protein1_rbs	5.5	0.0	0.0
149	__protein2_rbs	6.2	0.0	0.0
149	__protein3_rbs	4.1	0.0	0.0
149	__ribosome	39.75	0.0	0.0
149	__rnase_site_ext	10.15	0.0	0.0
149	p0	0.95	0.0	0.0
149	p1	0.85	0.0	0.0
149	protein1	450.45	9.75	2.2164106
149	protein2	423.65	9.95	2.24052455
149	protein3	335.2	7.95	2.13482145
149	r1	9.85	0.0	0.0
149	r2	7.7	0.0	0.0
149	rnapol	1.0	0.0	0.0
150	__protein1_rbs	4.7	0.0	0.0
150	__protein2_rbs	5.3	0.0	0.0
150	__protein3_rbs	3.85	0.0	0.0
150	__ribosome	38.35	0.0	0.0
150	__rnase_site_ext	10.15	0.0	0.0
150	p0	0.95	0.0	0.0
150	p1	0.65	0.0	0.0
150	protein1	455.1	9.9	2.23710675
150	protein2	428.4	9.9	2.24877235
150	protein3	338.55	8.05	2.2191306
150	r1	9.8	0.0	0.0
150	r2	7.7	0.0	0.0
150	rnapol	1.1	0.0	0.0
151	__protein1_rbs	5.75	0.0	0.0
151	__protein2_rbs	5.15	0.0	0.0
151	__protein3_rbs	4.35	0.0	0.0
151	__ribosome	37.85	0.0	0.0
151	__rnase_site_ext	10.15	0.0	0.0
151	p0	0.95	0.0	0.0
151	p1	0.75	0.0	0.0
151	protein1	459.15	9.85	2.2786297000000006
151	protein2	432.3	9.85	2.32776025
151	protein3	342.1	7.95	2.2016089
151	r1	9.85	0.0	0.0
151	r2	7.85	0.0	0.0
151	rnapol	1.05	0.0	0.0
152	__protein1_rbs	5.0	0.0	0.0
152	__protein2_rbs	5.4	0.0	0.0
152	__protein3_rbs	4.0	0.0	0.0
152	__ribosome	36.55	0.0	0.0
152	__rnase_site_ext	10.05	0.0	0.0
152	p0	0.85	0.0	0.0
152	p1	0.85	0.0	0.0
152	protein1	463.1	9.9	2.32070825
152	protein2	436.75	9.9	2.29625485
152	protein3	345.05	7.9	2.3253103500000005
152	r1	9.8	0.0	0.0
152	r2	7.95	0.0	0.0
152	rnapol	1.15	0.0	0.0
153	__protein1_rbs	5.85	0.0	0.0
153	__protein2_rbs	5.3	0.0	0.0
153	__protein3_rbs	4.6	0.0	0.0
153	__ribosome	36.8	0.0	0.0
153	__rnase_site_ext	10.2	0.0	0.0
153	p0	0.9	0.0	0.0
153	p1	0.7	0.0	0.0
153	protein1	467.3	9.85	2.3229234
153	protein2	441.25	9.95	2.2798737000000004
153	protein3	348.35	7.85	2.3262014
153	r1	9.85	0.0	0.0
153	r2	8.05	0.0	0.0
153	rnapol	1.15	0.0	0.0
154	__protein1_rbs	5.45	0.0	0.0
154	__protein2_rbs	5.25	0.0	0.0
154	__protein3_rbs	4.15	0.0	0.0
154	__ribosome	35.95	0.0	0.0
154	__rnase_site_ext	10.45	0.0	0.0
154	p0	0.9	0.0	0.0
154	p1	0.6	0.0	0.0
154	protein1	471.1	9.95	2.3396476500000003
154	protein2	445.45	9.85	2.3537428
154	protein3	351.75	7.9	2.3351191000000004
154	r1	9.85	0.0	0.0
154	r2	8.1	0.0	0.0
154	rnapol	1.1	0.0	0.0
155	__protein1_rbs	5.85	0.0	0.0
155	__protein2_rbs	5.6	0.0	0.0
155	__protein3_rbs	4.55	0.0	0.0
155	__ribosome	37.75	0.0	0.0
155	__rnase_site_ext	10.4	0.0	0.0
155	p0	0.95	0.0	0.0
155	p1	0.8	0.0	0.0
155	protein1	476.6	10.15	2.19817185
155	protein2	449.75	9.85	2.3401587500000005
155	protein3	355.65	8.0	2.2480339
155	r1	9.95	0.0	0.0
155	r2	8.05	0.0	0.0
155	rnapol	1.25	0.0	0.0
156	__protein1_rbs	5.3	0.0	0.0
156	__protein2_rbs	5.5	0.0	0.0
156	__protein3_rbs	5.15	0.0	0.0
156	__ribosome	37.55	0.0	0.0
156	__rnase_site_ext	10.5	0.0	0.0
156	p0	0.85	0.0	0.0
156	p1	0.85	0.0	0.0
156	protein1	480.4	10.1	2.3206596
156	protein2	454.35	9.9	2.30787465
156	protein3	359.25	8.25	2.1094823
156	r1	10.1	0.0	0.0
156	r2	7.95	0.0	0.0
156	rnapol	1.2	0.0	0.0
157	__protein1_rbs	5.65	0.0	0.0
157	__protein2_rbs	5.2	0.0	0.0
157	__protein3_rbs	4.65	0.0	0.0
157	__ribosome	37.25	0.0	0.0
157	__rnase_site_ext	10.4	0.0	0.0
157	p0	0.95	0.0	0.0
157	p1	0.9	0.0	0.0
157	protein1	485.15	10.2	2.2700551
157	protein2	458.9	10.05	2.3252701500000006
157	protein3	362.7	8.3	2.12340185
157	r1	10.2	0.0	0.0
157	r2	7.95	0.0	0.0
157	rnapol	1.15	0.0	0.0
158	__protein1_rbs	5.8	0.0	0.0
158	__protein2_rbs	6.05	0.0	0.0
158	__protein3_rbs	4.75	0.0	0.0
158	__ribosome	37.8	0.0	0.0
158	__rnase_site_ext	10.5	0.0	0.0
158	p0	0.95	0.0	0.0
158	p1	0.95	0.0	0.0
158	protein1	489.65	10.15	2.2764415000000002
158	protein2	463.25	10.25	2.2197681
158	protein3	366.15	8.2	2.15956175
158	r1	10.2	0.0	0.0
158	r2	8.0	0.0	0.0
158	rnapol	1.15	0.0	0.0
159	__protein1_rbs	5.55	0.0	0.0
159	__protein2_rbs	5.6	0.0	0.0
159	__protein3_rbs	4.5	0.0	0.0
159	__ribosome	37.75	0.0	0.0
159	__rnase_site_ext	10.7	0.0	0.0
159	p0	0.8	0.0	0.0
159	p1	0.8	0.0	0.0
159	protein1	494.1	10.25	2.2896376500000004
159	protein2	468.05	10.2	2.21479465
159	protein3	369.85	8.05	2.13367965
159	r1	10.25	0.0	0.0
159	r2	7.9	0.0	0.0
159	rnapol	1.15	0.0	0.0
160	__protein1_rbs	5.5	0.0	0.0
160	__protein2_rbs	6.1	0.0	0.0
160	__protein3_rbs	4.95	0.0	0.0
160	__ribosome	38.25	0.0	0.0
160	__rnase_site_ext	10.7	0.0	0.0
160	p0	0.8	0.0	0.0
160	p1	0.8	0.0	0.0
160	protein1	498.8	10.3	2.2623911500000005
160	protein2	472.35	10.25	2.19717035
160	protein3	373.35	8.15	2.0961309000000004
160	r1	10.1	0.0	0.0
160	r2	8.0	0.0	0.0
160	rnapol	1.1	0.0	0.0
161	__protein1_rbs	6.15	0.0	0.0
161	__protein2_rbs	5.65	0.0	0.0
161	__protein3_rbs	5.15	0.0	0.0
161	__ribosome	36.95	0.0	0.0
161	__rnase_site_ext	10.55	0.0	0.0
161	p0	1.0	0.0	0.0
161	p1	0.7	0.0	0.0
161	protein1	503.15	10.5	2.2299611500000003
161	protein2	476.2	10.2	2.26640955
161	protein3	376.2	8.25	2.1216234499999995
161	r1	10.2	0.0	0.0
161	r2	7.8	0.0	0.0
161	rnapol	1.35	0.0	0.0
162	__protein1_rbs	5.7	0.0	0.0
162	__protein2_rbs	6.25	0.0	0.0
162	__protein3_rbs	4.05	0.0	0.0
162	__ribosome	36.7	0.0	0.0
162	__rnase_site_ext	10.55	0.0	0.0
162	p0	0.9	0.0	0.0
162	p1	0.85	0.0	0.0
162	protein1	507.35	10.45	2.2680254
162	protein2	481.15	10.25	2.1718612000000004
162	protein3	379.3	8.2	2.2234324999999995
162	r1	10.25	0.0	0.0
162	r2	8.05	0.0	0.0
162	rnapol	1.35	0.0	0.0
163	__protein1_rbs	5.25	0.0	0.0
163	__protein2_rbs	6.2	0.0	0.0
163	__protein3_rbs	4.9	0.0	0.0
163	__ribosome	38.2	0.0	0.0
163	__rnase_site_ext	10.55	0.0	0.0
163	p0	1.0	0.0	0.0
163	p1	0.8	0.0	0.0
163	protein1	512.5	10.3	2.2724922000000003
163	protein2	485.2	10.25	2.17637765
163	protein3	383.3	8.15	2.1037536
163	r1	10.25	0.0	0.0
163	r2	8.15	0.0	0.0
163	rnapol	1.3	0.0	0.0
164	__protein1_rbs	6.15	0.0	0.0
164	__protein2_rbs	5.1	0.0	0.0
164	__protein3_rbs	4.5	0.0	0.0
164	__ribosome	37.0	0.0	0.0
164	__rnase_site_ext	10.6	0.0	0.0
164	p0	0.9	0.0	0.0
164	p1	0.75	0.0	0.0
164	protein1	516.4	10.25	2.29968435
164	protein2	489.75	10.35	2.21922735
164	protein3	386.5	8.2	2.16363635
164	r1	10.15	0.0	0.0
164	r2	8.15	0.0	0.0
164	rnapol	1.25	0.0	0.0
165	__protein1_rbs	5.35	0.0	0.0
165	__protein2_rbs	6.5	0.0	0.0
165	__protein3_rbs	4.3	0.0	0.0
165	__ribosome	38.0	0.0	0.0
165	__rnase_site_ext	10.75	0.0	0.0
165	p0	0.85	0.0	0.0
165	p1	0.75	0.0	0.0
165	protein1	521.7	10.35	2.2244541
165	protein2	494.25	10.25	2.1434162999999997
165	protein3	389.75	8.2	2.2022853000000007
165	r1	10.1	0.0	0.0
165	r2	8.05	0.0	0.0
165	rnapol	1.1	0.0	0.0
166	__protein1_rbs	5.65	0.0	0.0
166	__protein2_rbs	5.3	0.0	0.0
166	__protein3_rbs	4.85	0.0	0.0
166	__ribosome	36.95	0.0	0.0
166	__rnase_site_ext	10.7	0.0	0.0
166	p0	0.9	0.0	0.0
166	p1	0.65	0.0	0.0
166	protein1	525.6	10.35	2.30724945
166	protein2	498.65	10.15	2.20478355
166	protein3	392.75	8.25	2.22765875
166	r1	10.15	0.0	0.0
166	r2	8.0	0.0	0.0
166	rnapol	1.2	0.0	0.0
167	__protein1_rbs	5.7	0.0	0.0
167	__protein2_rbs	5.85	0.0	0.0
167	__protein3_rbs	4.5	0.0	0.0
167	__ribosome	36.6	0.0	0.0
167	__rnase_site_ext	10.6	0.0	0.0
167	p0	0.95	0.0	0.0
167	p1	0.85	0.0	0.0
167	protein1	530.2	10.4	2.31270395
167	protein2	502.55	10.2	2.21192035
167	protein3	396.65	8.3	2.1878625
167	r1	10.3	0.0	0.0
167	r2	8.1	0.0	0.0
167	rnapol	1.3	0.0	0.0
168	__protein1_rbs	5.65	0.0	0.0
168	__protein2_rbs	6.05	0.0	0.0
168	__protein3_rbs	4.95	0.0	0.0
168	__ribosome	37.95	0.0	0.0
168	__rnase_site_ext	10.65	0.0	0.0
168	p0	0.9	0.0	0.0
168	p1	0.9	0.0	0.0
168	protein1	535.3	10.3	2.24113255
168	protein2	506.95	10.25	2.13840215
168	protein3	399.95	8.2	2.2154022499999995
168	r1	10.4	0.0	0.0
168	r2	8.1	0.0	0.0
168	rnapol	1.25	0.0	0.0
169	__protein1_rbs	6.15	0.0	0.0
169	__protein2_rbs	5.9	0.0	0.0
169	__protein3_rbs	4.75	0.0	0.0
169	__ribosome	38.55	0.0	0.0
169	__rnase_site_ext	10.65	0.0	0.0
169	p0	0.85	0.0	0.0
169	p1	0.85	0.0	0.0
169	protein1	539.15	10.35	2.2188685
169	protein2	511.65	10.5	2.0739676
169	protein3	403.75	8.05	2.2292369999999995
169	r1	10.45	0.0	0.0
169	r2	8.2	0.0	0.0
169	rnapol	1.15	0.0	0.0
170	__protein1_rbs	5.55	0.0	0.0
170	__protein2_rbs	5.3	0.0	0.0
170	__protein3_rbs	4.65	0.0	0.0
170	__ribosome	37.4	0.0	0.0
170	__rnase_site_ext	10.65	0.0	0.0
170	p0	0.9	0.0	0.0
170	p1	0.8	0.0	0.0
170	protein1	543.85	10.35	2.21879485
170	protein2	515.55	10.4	2.19764155
170	protein3	407.0	8.2	2.1826767999999994
170	r1	10.5	0.0	0.0
170	r2	8.3	0.0	0.0
170	rnapol	1.25	0.0	0.0
171	__protein1_rbs	6.15	0.0	0.0
171	__protein2_rbs	5.55	0.0	0.0
171	__protein3_rbs	4.95	0.0	0.0
171	__ribosome	38.0	0.0	0.0
171	__rnase_site_ext	10.65	0.0	0.0
171	p0	1.0	0.0	0.0
171	p1	0.9	0.0	0.0
171	protein1	548.55	10.35	2.1642219500000004
171	protein2	520.05	10.5	2.14983385
171	protein3	410.25	8.2	2.2272781000000004
171	r1	10.55	0.0	0.0
171	r2	8.35	0.0	0.0
171	rnapol	1.5	0.0	0.0
172	__protein1_rbs	5.3	0.0	0.0
172	__protein2_rbs	6.25	0.0	0.0
172	__protein3_rbs	4.8	0.0	0.0
172	__ribosome	37.1	0.0	0.0
172	__rnase_site_ext	10.7	0.0	0.0
172	p0	0.85	0.0	0.0
172	p1	0.85	0.0	0.0
172	protein1	553.4	10.4	2.1796162999999997
172	protein2	524.15	10.6	2.1517842499999995
172	protein3	413.75	8.4	2.1881777000000002
172	r1	10.6	0.0	0.0
172	r2	8.45	0.0	0.0
172	rnapol	1.4	0.0	0.0
173	__protein1_rbs	6.15	0.0	0.0
173	__protein2_rbs	5.7	0.0	0.0
173	__protein3_rbs	4.25	0.0	0.0
173	__ribosome	35.55	0.0	0.0
173	__rnase_site_ext	10.95	0.0	0.0
173	p0	0.8	0.0	0.0
173	p1	0.8	0.0	0.0
173	protein1	557.15	10.35	2.230707
173	protein2	528.25	10.55	2.2601194
173	protein3	417.35	8.35	2.238342500000001
173	r1	10.5	0.0	0.0
173	r2	8.55	0.0	0.0
173	rnapol	1.3	0.0	0.0
174	__protein1_rbs	5.95	0.0	0.0
174	__protein2_rbs	6.4	0.0	0.0
174	__protein3_rbs	4.9	0.0	0.0
174	__ribosome	35.8	0.0	0.0
174	__rnase_site_ext	10.95	0.0	0.0
174	p0	0.95	0.0	0.0
174	p1	0.9	0.0	0.0
174	protein1	561.7	10.55	2.205569000000001
174	protein2	532.3	10.55	2.2578399000000005
174	protein3	421.05	8.4	2.1767455
174	r1	10.7	0.0	0.0
174	r2	8.7	0.0	0.0
174	rnapol	1.2	0.0	0.0
175	__protein1_rbs	6.1	0.0	0.0
175	__protein2_rbs	6.7	0.0	0.0
175	__protein3_rbs	4.9	0.0	0.0
175	__ribosome	36.0	0.0	0.0
175	__rnase_site_ext	11.0	0.0	0.0
175	p0	0.8	0.0	0.0
175	p1	0.75	0.0	0.0
175	protein1	565.7	10.7	2.2099367999999995
175	protein2	537.0	10.7	2.18213775
175	protein3	424.6	8.45	2.1595413000000003
175	r1	10.75	0.0	0.0
175	r2	8.65	0.0	0.0
175	rnapol	1.05	0.0	0.0
176	__protein1_rbs	6.5	0.0	0.0
176	__protein2_rbs	6.8	0.0	0.0
176	__protein3_rbs	4.75	0.0	0.0
176	__ribosome	36.85	0.0	0.0
176	__rnase_site_ext	11.15	0.0	0.0
176	p0	0.95	0.0	0.0
176	p1	0.75	0.0	0.0
176	protein1	570.25	10.75	2.1892081
176	protein2	542.15	10.7	2.0533615000000003
176	protein3	428.0	8.7	2.129727
176	r1	10.75	0.0	0.0
176	r2	8.65	0.0	0.0
176	rnapol	1.15	0.0	0.0
177	__protein1_rbs	6.25	0.0	0.0
177	__protein2_rbs	5.85	0.0	0.0
177	__protein3_rbs	5.65	0.0	0.0
177	__ribosome	37.2	0.0	0.0
177	__rnase_site_ext	11.05	0.0	0.0
177	p0	1.0	0.0	0.0
177	p1	0.85	0.0	0.0
177	protein1	574.95	10.8	2.19162985
177	protein2	546.65	10.7	2.0379268500000003
177	protein3	431.7	8.9	2.0293014
177	r1	10.75	0.0	0.0
177	r2	8.6	0.0	0.0
177	rnapol	1.3	0.0	0.0
178	__protein1_rbs	5.4	0.0	0.0
178	__protein2_rbs	6.4	0.0	0.0
178	__protein3_rbs	4.85	0.0	0.0
178	__ribosome	36.8	0.0	0.0
178	__rnase_site_ext	11.15	0.0	0.0
178	p0	0.95	0.0	0.0
178	p1	1.0	0.0	0.0
178	protein1	579.55	10.75	2.2627633
178	protein2	551.75	10.85	1.949377
178	protein3	435.25	8.85	2.08367495
178	r1	10.85	0.0	0.0
178	r2	8.45	0.0	0.0
178	rnapol	1.2	0.0	0.0
179	__protein1_rbs	7.15	0.0	0.0
179	__protein2_rbs	6.1	0.0	0.0
179	__protein3_rbs	5.2	0.0	0.0
179	__ribosome	35.9	0.0	0.0
179	__rnase_site_ext	11.2	0.0	0.0
179	p0	0.8	0.0	0.0
179	p1	0.85	0.0	0.0
179	protein1	583.65	10.9	2.1928300499999995
179	protein2	555.5	10.8	2.0468995500000005
179	protein3	438.5	8.8	2.11266405
179	r1	10.6	0.0	0.0
179	r2	8.6	0.0	0.0
179	rnapol	1.05	0.0	0.0
180	__protein1_rbs	6.45	0.0	0.0
180	__protein2_rbs	6.4	0.0	0.0
180	__protein3_rbs	5.3	0.0	0.0
180	__ribosome	36.65	0.0	0.0
180	__rnase_site_ext	11.25	0.0	0.0
180	p0	1.0	0.0	0.0
180	p1	0.7	0.0	0.0
180	protein1	588.55	10.95	2.12573595
180	protein2	559.65	10.85	2.0742696
180	protein3	442.25	8.85	2.07225835
180	r1	10.5	0.0	0.0
180	r2	8.6	0.0	0.0
180	rnapol	1.2	0.0	0.0
181	__protein1_rbs	6.8	0.0	0.0
181	__protein2_rbs	6.2	0.0	0.0
181	__protein3_rbs	5.0	0.0	0.0
181	__ribosome	37.3	0.0	0.0
181	__rnase_site_ext	11.15	0.0	0.0
181	p0	0.95	0.0	0.0
181	p1	0.75	0.0	0.0
181	protein1	593.2	11.0	2.0609893
181	protein2	563.6	10.55	2.1638422000000004
181	protein3	446.25	8.8	2.05098665
181	r1	10.55	0.0	0.0
181	r2	8.55	0.0	0.0
181	rnapol	1.35	0.0	0.0
182	__protein1_rbs	6.2	0.0	0.0
182	__protein2_rbs	7.15	0.0	0.0
182	__protein3_rbs	4.6	0.0	0.0
182	__ribosome	36.6	0.0	0.0
182	__rnase_site_ext	11.4	0.0	0.0
182	p0	0.8	0.0	0.0
182	p1	0.65	0.0	0.0
182	protein1	598.05	10.95	2.08738355
182	protein2	568.05	10.6	2.0736217999999997
182	protein3	449.0	8.65	2.2897247000000003
182	r1	10.65	0.0	0.0
182	r2	8.65	0.0	0.0
182	rnapol	1.25	0.0	0.0
183	__protein1_rbs	5.5	0.0	0.0
183	__protein2_rbs	6.3	0.0	0.0
183	__protein3_rbs	4.95	0.0	0.0
183	__ribosome	36.9	0.0	0.0
183	__rnase_site_ext	11.45	0.0	0.0
183	p0	0.85	0.0	0.0
183	p1	0.8	0.0	0.0
183	protein1	603.0	11.05	2.08688445
183	protein2	572.25	10.65	2.08126035
183	protein3	453.25	8.8	2.151514
183	r1	10.75	0.0	0.0
183	r2	8.8	0.0	0.0
183	rnapol	1.25	0.0	0.0
184	__protein1_rbs	6.25	0.0	0.0
184	__protein2_rbs	6.1	0.0	0.0
184	__protein3_rbs	5.5	0.0	0.0
184	__ribosome	37.0	0.0	0.0
184	__rnase_site_ext	11.4	0.0	0.0
184	p0	0.75	0.0	0.0
184	p1	0.8	0.0	0.0
184	protein1	607.4	11.1	2.0677489
184	protein2	576.55	10.7	2.0845038
184	protein3	456.8	8.75	2.11912155
184	r1	10.75	0.0	0.0
184	r2	8.85	0.0	0.0
184	rnapol	1.1	0.0	0.0
185	__protein1_rbs	5.9	0.0	0.0
185	__protein2_rbs	6.75	0.0	0.0
185	__protein3_rbs	5.0	0.0	0.0
185	__ribosome	36.6	0.0	0.0
185	__rnase_site_ext	11.2	0.0	0.0
185	p0	1.0	0.0	0.0
185	p1	0.8	0.0	0.0
185	protein1	611.25	10.95	2.2135045999999994
185	protein2	581.45	10.85	1.98953805
185	protein3	460.6	8.75	2.09823775
185	r1	10.75	0.0	0.0
185	r2	8.9	0.0	0.0
185	rnapol	1.1	0.0	0.0
186	__protein1_rbs	6.5	0.0	0.0
186	__protein2_rbs	5.7	0.0	0.0
186	__protein3_rbs	5.2	0.0	0.0
186	__ribosome	35.25	0.0	0.0
186	__rnase_site_ext	11.15	0.0	0.0
186	p0	0.95	0.0	0.0
186	p1	0.85	0.0	0.0
186	protein1	615.15	11.1	2.2240581500000003
186	protein2	585.5	10.8	2.0793343
186	protein3	464.05	8.85	2.0993513000000004
186	r1	10.85	0.0	0.0
186	r2	8.85	0.0	0.0
186	rnapol	1.2	0.0	0.0
187	__protein1_rbs	7.05	0.0	0.0
187	__protein2_rbs	6.45	0.0	0.0
187	__protein3_rbs	5.65	0.0	0.0
187	__ribosome	36.1	0.0	0.0
187	__rnase_site_ext	11.15	0.0	0.0
187	p0	0.9	0.0	0.0
187	p1	0.85	0.0	0.0
187	protein1	620.15	10.9	2.1599344500000006
187	protein2	589.05	10.8	2.1231161500000004
187	protein3	467.8	8.95	2.0305952
187	r1	10.9	0.0	0.0
187	r2	8.8	0.0	0.0
187	rnapol	1.25	0.0	0.0
188	__protein1_rbs	5.65	0.0	0.0
188	__protein2_rbs	6.3	0.0	0.0
188	__protein3_rbs	4.7	0.0	0.0
188	__ribosome	36.2	0.0	0.0
188	__rnase_site_ext	11.3	0.0	0.0
188	p0	0.8	0.0	0.0
188	p1	0.8	0.0	0.0
188	protein1	625.3	10.85	2.1687837
188	protein2	594.2	10.9	2.060938
188	protein3	471.5	9.0	2.0923893
188	r1	10.9	0.0	0.0
188	r2	9.0	0.0	0.0
188	rnapol	1.15	0.0	0.0
189	__protein1_rbs	6.95	0.0	0.0
189	__protein2_rbs	6.55	0.0	0.0
189	__protein3_rbs	5.55	0.0	0.0
189	__ribosome	36.85	0.0	0.0
189	__rnase_site_ext	11.5	0.0	0.0
189	p0	0.8	0.0	0.0
189	p1	0.7	0.0	0.0
189	protein1	630.05	10.95	2.05893115
189	protein2	598.25	10.9	2.09861475
189	protein3	474.9	8.95	2.1411238
189	r1	10.9	0.0	0.0
189	r2	8.95	0.0	0.0
189	rnapol	1.1	0.0	0.0
190	__protein1_rbs	6.65	0.0	0.0
190	__protein2_rbs	6.5	0.0	0.0
190	__protein3_rbs	4.4	0.0	0.0
190	__ribosome	35.45	0.0	0.0
190	__rnase_site_ext	11.4	0.0	0.0
190	p0	0.95	0.0	0.0
190	p1	0.7	0.0	0.0
190	protein1	634.35	11.15	2.0541748
190	protein2	602.45	10.9	2.0960686
190	protein3	478.4	9.0	2.2012217000000005
190	r1	10.85	0.0	0.0
190	r2	9.05	0.0	0.0
190	rnapol	1.1	0.0	0.0
191	__protein1_rbs	5.7	0.0	0.0
191	__protein2_rbs	6.35	0.0	0.0
191	__protein3_rbs	5.5	0.0	0.0
191	__ribosome	35.8	0.0	0.0
191	__rnase_site_ext	11.55	0.0	0.0
191	p0	0.85	0.0	0.0
191	p1	0.8	0.0	0.0
191	protein1	639.0	11.15	2.1088732500000003
191	protein2	607.5	10.9	2.0683348499999994
191	protein3	482.25	9.1	2.1284328500000003
191	r1	11.1	0.0	0.0
191	r2	9.1	0.0	0.0
191	rnapol	1.05	0.0	0.0
192	__protein1_rbs	6.75	0.0	0.0
192	__protein2_rbs	6.6	0.0	0.0
192	__protein3_rbs	5.6	0.0	0.0
192	__ribosome	35.0	0.0	0.0
192	__rnase_site_ext	11.65	0.0	0.0
192	p0	0.8	0.0	0.0
192	p1	0.8	0.0	0.0
192	protein1	643.0	11.2	2.1559246
192	protein2	611.75	11.0	2.0450758500000004
192	protein3	485.8	9.1	2.1380894
192	r1	11.0	0.0	0.0
192	r2	8.9	0.0	0.0
192	rnapol	0.95	0.0	0.0
193	__protein1_rbs	6.65	0.0	0.0
193	__protein2_rbs	6.0	0.0	0.0
193	__protein3_rbs	4.65	0.0	0.0
193	__ribosome	33.95	0.0	0.0
193	__rnase_site_ext	11.65	0.0	0.0
193	p0	1.0	0.0	0.0
193	p1	0.95	0.0	0.0
193	protein1	647.4	11.25	2.136416
193	protein2	616.25	11.15	2.04443345
193	protein3	489.7	9.35	2.1606463499999995
193	r1	11.0	0.0	0.0
193	r2	8.85	0.0	0.0
193	rnapol	1.1	0.0	0.0
194	__protein1_rbs	6.2	0.0	0.0
194	__protein2_rbs	6.4	0.0	0.0
194	__protein3_rbs	5.45	0.0	0.0
194	__ribosome	32.95	0.0	0.0
194	__rnase_site_ext	11.5	0.0	0.0
194	p0	0.95	0.0	0.0
194	p1	0.9	0.0	0.0
194	protein1	652.0	11.4	2.1354078999999997
194	protein2	620.45	11.05	2.1051444
194	protein3	492.95	9.3	2.2257589
194	r1	11.05	0.0	0.0
194	r2	8.95	0.0	0.0
194	rnapol	1.1	0.0	0.0
195	__protein1_rbs	6.6	0.0	0.0
195	__protein2_rbs	6.3	0.0	0.0
195	__protein3_rbs	5.25	0.0	0.0
195	__ribosome	33.5	0.0	0.0
195	__rnase_site_ext	11.4	0.0	0.0
195	p0	0.95	0.0	0.0
195	p1	0.65	0.0	0.0
195	protein1	656.75	11.25	2.1217209500000003
195	protein2	624.75	11.05	2.1235318
195	protein3	497.4	9.3	2.16316635
195	r1	10.95	0.0	0.0
195	r2	8.9	0.0	0.0
195	rnapol	1.1	0.0	0.0
196	__protein1_rbs	6.65	0.0	0.0
196	__protein2_rbs	6.7	0.0	0.0
196	__protein3_rbs	5.3	0.0	0.0
196	__ribosome	34.05	0.0	0.0
196	__rnase_site_ext	11.45	0.0	0.0
196	p0	0.9	0.0	0.0
196	p1	0.7	0.0	0.0
196	protein1	661.8	11.15	2.10357615
196	protein2	628.9	11.05	2.10380225
196	protein3	501.15	8.95	2.27409515
196	r1	10.95	0.0	0.0
196	r2	8.85	0.0	0.0
196	rnapol	1.1	0.0	0.0
197	__protein1_rbs	6.6	0.0	0.0
197	__protein2_rbs	6.3	0.0	0.0
197	__protein3_rbs	5.4	0.0	0.0
197	__ribosome	33.9	0.0	0.0
197	__rnase_site_ext	11.6	0.0	0.0
197	p0	0.65	0.0	0.0
197	p1	0.75	0.0	0.0
197	protein1	666.15	11.1	2.12910065
197	protein2	633.2	10.95	2.1970489
197	protein3	505.2	9.0	2.1888553
197	r1	11.15	0.0	0.0
197	r2	9.05	0.0	0.0
197	rnapol	0.85	0.0	0.0
198	__protein1_rbs	6.15	0.0	0.0
198	__protein2_rbs	7.0	0.0	0.0
198	__protein3_rbs	5.7	0.0	0.0
198	__ribosome	35.25	0.0	0.0
198	__rnase_site_ext	11.65	0.0	0.0
198	p0	0.9	0.0	0.0
198	p1	0.9	0.0	0.0
198	protein1	671.0	11.15	2.1070153
198	protein2	638.05	11.1	2.1087374000000003
198	protein3	509.3	9.05	2.110472
198	r1	11.25	0.0	0.0
198	r2	9.1	0.0	0.0
198	rnapol	1.1	0.0	0.0
199	__protein1_rbs	6.85	0.0	0.0
199	__protein2_rbs	5.95	0.0	0.0
199	__protein3_rbs	5.45	0.0	0.0
199	__ribosome	35.2	0.0	0.0
199	__rnase_site_ext	11.7	0.0	0.0
199	p0	0.85	0.0	0.0
199	p1	0.7	0.0	0.0
199	protein1	675.65	11.3	2.0469937
199	protein2	642.85	11.15	2.1193560500000004
199	protein3	512.8	9.1	2.10968955
199	r1	11.25	0.0	0.0
199	r2	9.05	0.0	0.0
199	rnapol	1.1	0.0	0.0
200	__protein1_rbs	6.6	0.0	0.0
200	__protein2_rbs	5.9	0.0	0.0
200	__protein3_rbs	4.9	0.0	0.0
200	__ribosome	34.55	0.0	0.0
200	__rnase_site_ext	11.7	0.0	0.0
200	p0	1.0	0.0	0.0
200	p1	0.8	0.0	0.0
200	protein1	680.45	11.4	2.0134129
200	protein2	647.35	11.3	2.1633653500000003
200	protein3	516.65	9.1	2.1214562000000003
200	r1	11.25	0.0	0.0
200	r2	9.2	0.0	0.0
200	rnapol	1.15	0.0	0.0
201	__protein1_rbs	6.85	0.0	0.0
201	__protein2_rbs	6.85	0.0	0.0
201	__protein3_rbs	5.5	0.0	0.0
201	__ribosome	35.0	0.0	0.0
201	__rnase_site_ext	11.6	0.0	0.0
201	p0	0.9	0.0	0.0
201	p1	0.9	0.0	0.0
201	protein1	684.9	11.4	2.02865425
201	protein2	651.8	11.25	2.11359845
201	protein3	520.25	9.2	2.1061824000000002
201	r1	11.25	0.0	0.0
201	r2	9.05	0.0	0.0
201	rnapol	1.15	0.0	0.0
202	__protein1_rbs	6.85	0.0	0.0
202	__protein2_rbs	6.75	0.0	0.0
202	__protein3_rbs	5.2	0.0	0.0
202	__ribosome	34.65	0.0	0.0
202	__rnase_site_ext	11.55	0.0	0.0
202	p0	0.9	0.0	0.0
202	p1	0.9	0.0	0.0
202	protein1	689.0	11.2	2.13022095
202	protein2	656.65	11.35	2.0520866
202	protein3	524.35	9.35	2.0716575500000003
202	r1	11.15	0.0	0.0
202	r2	9.05	0.0	0.0
202	rnapol	1.1	0.0	0.0
203	__protein1_rbs	6.65	0.0	0.0
203	__protein2_rbs	6.75	0.0	0.0
203	__protein3_rbs	5.45	0.0	0.0
203	__ribosome	34.15	0.0	0.0
203	__rnase_site_ext	11.55	0.0	0.0
203	p0	0.9	0.0	0.0
203	p1	0.85	0.0	0.0
203	protein1	693.8	11.3	2.0828474000000003
203	protein2	660.75	11.25	2.1094875
203	protein3	527.45	9.25	2.15297375
203	r1	11.05	0.0	0.0
203	r2	9.15	0.0	0.0
203	rnapol	1.15	0.0	0.0
204	__protein1_rbs	6.3	0.0	0.0
204	__protein2_rbs	6.35	0.0	0.0
204	__protein3_rbs	5.65	0.0	0.0
204	__ribosome	33.4	0.0	0.0
204	__rnase_site_ext	11.55	0.0	0.0
204	p0	0.9	0.0	0.0
204	p1	0.65	0.0	0.0
204	protein1	698.0	11.2	2.19230205
204	protein2	665.65	11.1	2.1068193499999994
204	protein3	531.15	9.3	2.1472631
204	r1	10.9	0.0	0.0
204	r2	9.2	0.0	0.0
204	rnapol	1.1	0.0	0.0
205	__protein1_rbs	6.55	0.0	0.0
205	__protein2_rbs	6.15	0.0	0.0
205	__protein3_rbs	6.0	0.0	0.0
205	__ribosome	34.65	0.0	0.0
205	__rnase_site_ext	11.6	0.0	0.0
205	p0	0.9	0.0	0.0
205	p1	0.55	0.0	0.0
205	protein1	702.9	11.1	2.1483583000000004
205	protein2	670.15	11.0	2.1524817
205	protein3	535.3	9.2	2.07204185
205	r1	10.9	0.0	0.0
205	r2	9.25	0.0	0.0
205	rnapol	1.2	0.0	0.0
206	__protein1_rbs	6.2	0.0	0.0
206	__protein2_rbs	5.95	0.0	0.0
206	__protein3_rbs	5.75	0.0	0.0
206	__ribosome	33.75	0.0	0.0
206	__rnase_site_ext	11.5	0.0	0.0
206	p0	0.8	0.0	0.0
206	p1	0.75	0.0	0.0
206	protein1	707.45	11.25	2.1331347500000004
206	protein2	674.7	10.95	2.1850338500000004
206	protein3	538.65	9.3	2.07869585
206	r1	11.15	0.0	0.0
206	r2	9.15	0.0	0.0
206	rnapol	1.15	0.0	0.0
207	__protein1_rbs	6.7	0.0	0.0
207	__protein2_rbs	6.3	0.0	0.0
207	__protein3_rbs	5.8	0.0	0.0
207	__ribosome	34.7	0.0	0.0
207	__rnase_site_ext	11.5	0.0	0.0
207	p0	0.85	0.0	0.0
207	p1	0.9	0.0	0.0
207	protein1	712.1	11.15	2.1364714000000005
207	protein2	679.1	11.1	2.1564815500000005
207	protein3	543.05	9.35	1.9975496000000004
207	r1	11.2	0.0	0.0
207	r2	9.15	0.0	0.0
207	rnapol	1.15	0.0	0.0
208	__protein1_rbs	6.85	0.0	0.0
208	__protein2_rbs	7.1	0.0	0.0
208	__protein3_rbs	5.15	0.0	0.0
208	__ribosome	34.9	0.0	0.0
208	__rnase_site_ext	11.5	0.0	0.0
208	p0	0.9	0.0	0.0
208	p1	0.9	0.0	0.0
208	protein1	716.7	11.15	2.1250024000000005
208	protein2	683.85	11.25	2.0756782
208	protein3	546.75	9.35	2.0577077000000004
208	r1	11.05	0.0	0.0
208	r2	9.25	0.0	0.0
208	rnapol	1.25	0.0	0.0
209	__protein1_rbs	6.0	0.0	0.0
209	__protein2_rbs	6.85	0.0	0.0
209	__protein3_rbs	4.95	0.0	0.0
209	__ribosome	35.0	0.0	0.0
209	__rnase_site_ext	11.6	0.0	0.0
209	p0	0.95	0.0	0.0
209	p1	0.75	0.0	0.0
209	protein1	721.65	11.15	2.13533845
209	protein2	688.4	11.15	2.0742532499999995
209	protein3	550.65	9.3	2.08451805
209	r1	10.95	0.0	0.0
209	r2	9.15	0.0	0.0
209	rnapol	1.2	0.0	0.0
210	__protein1_rbs	6.4	0.0	0.0
210	__protein2_rbs	6.3	0.0	0.0
210	__protein3_rbs	5.5	0.0	0.0
210	__ribosome	34.05	0.0	0.0
210	__rnase_site_ext	11.65	0.0	0.0
210	p0	0.95	0.0	0.0
210	p1	0.75	0.0	0.0
210	protein1	725.55	11.25	2.19169075
210	protein2	693.4	11.1	2.0601081000000003
210	protein3	553.7	9.35	2.12614675
210	r1	11.05	0.0	0.0
210	r2	8.95	0.0	0.0
210	rnapol	1.15	0.0	0.0
211	__protein1_rbs	6.25	0.0	0.0
211	__protein2_rbs	5.85	0.0	0.0
211	__protein3_rbs	5.5	0.0	0.0
211	__ribosome	33.75	0.0	0.0
211	__rnase_site_ext	11.55	0.0	0.0
211	p0	0.95	0.0	0.0
211	p1	0.9	0.0	0.0
211	protein1	730.65	11.3	2.14717345
211	protein2	697.8	11.05	2.1402868000000006
211	protein3	557.75	9.4	2.06152235
211	r1	11.2	0.0	0.0
211	r2	9.05	0.0	0.0
211	rnapol	1.2	0.0	0.0
212	__protein1_rbs	6.3	0.0	0.0
212	__protein2_rbs	6.0	0.0	0.0
212	__protein3_rbs	5.4	0.0	0.0
212	__ribosome	32.85	0.0	0.0
212	__rnase_site_ext	11.5	0.0	0.0
212	p0	1.0	0.0	0.0
212	p1	0.75	0.0	0.0
212	protein1	735.45	11.15	2.1536781000000005
212	protein2	702.25	11.1	2.16991805
212	protein3	560.9	9.25	2.1699532
212	r1	11.1	0.0	0.0
212	r2	9.05	0.0	0.0
212	rnapol	1.35	0.0	0.0
213	__protein1_rbs	6.4	0.0	0.0
213	__protein2_rbs	6.65	0.0	0.0
213	__protein3_rbs	5.9	0.0	0.0
213	__ribosome	33.35	0.0	0.0
213	__rnase_site_ext	11.5	0.0	0.0
213	p0	0.85	0.0	0.0
213	p1	0.7	0.0	0.0
213	protein1	739.4	11.15	2.215854
213	protein2	706.9	11.1	2.16216785
213	protein3	564.8	9.0	2.14181115
213	r1	11.1	0.0	0.0
213	r2	9.1	0.0	0.0
213	rnapol	1.35	0.0	0.0
214	__protein1_rbs	6.6	0.0	0.0
214	__protein2_rbs	6.45	0.0	0.0
214	__protein3_rbs	5.65	0.0	0.0
214	__ribosome	34.25	0.0	0.0
214	__rnase_site_ext	11.65	0.0	0.0
214	p0	0.85	0.0	0.0
214	p1	0.75	0.0	0.0
214	protein1	744.0	11.1	2.20553125
214	protein2	711.0	11.1	2.16338495
214	protein3	568.85	9.05	2.0209439500000004
214	r1	11.0	0.0	0.0
214	r2	9.05	0.0	0.0
214	rnapol	1.25	0.0	0.0
215	__protein1_rbs	6.7	0.0	0.0
215	__protein2_rbs	6.45	0.0	0.0
215	__protein3_rbs	5.35	0.0	0.0
215	__ribosome	34.9	0.0	0.0
215	__rnase_site_ext	11.6	0.0	0.0
215	p0	1.0	0.0	0.0
215	p1	0.8	0.0	0.0
215	protein1	749.1	11.25	2.1241906000000004
215	protein2	716.0	11.15	2.1564124
215	protein3	572.75	9.2	2.0050483
215	r1	11.1	0.0	0.0
215	r2	9.05	0.0	0.0
215	rnapol	1.35	0.0	0.0
216	__protein1_rbs	7.05	0.0	0.0
216	__protein2_rbs	6.55	0.0	0.0
216	__protein3_rbs	5.2	0.0	0.0
216	__ribosome	34.9	0.0	0.0
216	__rnase_site_ext	11.4	0.0	0.0
216	p0	0.95	0.0	0.0
216	p1	0.85	0.0	0.0
216	protein1	753.5	11.3	2.09987745
216	protein2	720.55	11.05	2.1682987
216	protein3	576.3	9.25	2.0514067
216	r1	11.25	0.0	0.0
216	r2	8.85	0.0	0.0
216	rnapol	1.45	0.0	0.0
217	__protein1_rbs	6.15	0.0	0.0
217	__protein2_rbs	6.5	0.0	0.0
217	__protein3_rbs	5.75	0.0	0.0
217	__ribosome	35.5	0.0	0.0
217	__rnase_site_ext	11.3	0.0	0.0
217	p0	0.85	0.0	0.0
217	p1	0.8	0.0	0.0
217	protein1	758.25	11.1	2.14441175
217	protein2	725.55	11.25	2.0918415
217	protein3	580.35	9.4	1.96238715
217	r1	11.15	0.0	0.0
217	r2	8.8	0.0	0.0
217	rnapol	1.4	0.0	0.0
218	__protein1_rbs	5.95	0.0	0.0
218	__protein2_rbs	6.1	0.0	0.0
218	__protein3_rbs	5.75	0.0	0.0
218	__ribosome	35.1	0.0	0.0
218	__rnase_site_ext	11.35	0.0	0.0
218	p0	0.8	0.0	0.0
218	p1	0.95	0.0	0.0
218	protein1	763.15	10.9	2.16211255
218	protein2	729.9	11.2	2.16082315
218	protein3	583.45	9.25	2.0122673
218	r1	11.25	0.0	0.0
218	r2	8.9	0.0	0.0
218	rnapol	1.3	0.0	0.0
219	__protein1_rbs	6.7	0.0	0.0
219	__protein2_rbs	6.85	0.0	0.0
219	__protein3_rbs	5.3	0.0	0.0
219	__ribosome	35.6	0.0	0.0
219	__rnase_site_ext	11.35	0.0	0.0
219	p0	0.95	0.0	0.0
219	p1	0.95	0.0	0.0
219	protein1	767.85	10.9	2.1524568000000004
219	protein2	734.6	11.25	2.0878023999999997
219	protein3	587.0	9.1	2.05190975
219	r1	11.1	0.0	0.0
219	r2	8.95	0.0	0.0
219	rnapol	1.25	0.0	0.0
220	__protein1_rbs	6.05	0.0	0.0
220	__protein2_rbs	6.05	0.0	0.0
220	__protein3_rbs	5.3	0.0	0.0
220	__ribosome	34.5	0.0	0.0
220	__rnase_site_ext	11.55	0.0	0.0
220	p0	0.7	0.0	0.0
220	p1	0.8	0.0	0.0
220	protein1	772.15	11.05	2.1874390000000004
220	protein2	739.2	11.2	2.1390393000000003
220	protein3	590.6	9.3	1.99561175
220	r1	10.85	0.0	0.0
220	r2	8.9	0.0	0.0
220	rnapol	1.0	0.0	0.0
221	__protein1_rbs	6.1	0.0	0.0
221	__protein2_rbs	7.3	0.0	0.0
221	__protein3_rbs	5.6	0.0	0.0
221	__ribosome	34.1	0.0	0.0
221	__rnase_site_ext	11.4	0.0	0.0
221	p0	0.9	0.0	0.0
221	p1	0.75	0.0	0.0
221	protein1	776.15	11.05	2.2403468999999996
221	protein2	743.2	11.1	2.1656096000000002
221	protein3	594.25	9.0	2.0721184
221	r1	10.75	0.0	0.0
221	r2	9.05	0.0	0.0
221	rnapol	1.15	0.0	0.0
222	__protein1_rbs	6.45	0.0	0.0
222	__protein2_rbs	6.25	0.0	0.0
222	__protein3_rbs	5.35	0.0	0.0
222	__ribosome	35.1	0.0	0.0
222	__rnase_site_ext	11.5	0.0	0.0
222	p0	0.85	0.0	0.0
222	p1	0.9	0.0	0.0
222	protein1	780.9	11.05	2.1856044000000003
222	protein2	748.4	10.8	2.1604642499999995
222	protein3	598.1	8.95	2.1087702000000004
222	r1	10.75	0.0	0.0
222	r2	9.1	0.0	0.0
222	rnapol	1.25	0.0	0.0
223	__protein1_rbs	6.15	0.0	0.0
223	__protein2_rbs	5.95	0.0	0.0
223	__protein3_rbs	5.25	0.0	0.0
223	__ribosome	35.0	0.0	0.0
223	__rnase_site_ext	11.6	0.0	0.0
223	p0	0.85	0.0	0.0
223	p1	0.9	0.0	0.0
223	protein1	786.3	11.1	2.12937225
223	protein2	753.2	10.8	2.17259485
223	protein3	601.35	9.1	2.12156105
223	r1	10.65	0.0	0.0
223	r2	9.15	0.0	0.0
223	rnapol	1.1	0.0	0.0
224	__protein1_rbs	7.1	0.0	0.0
224	__protein2_rbs	6.0	0.0	0.0
224	__protein3_rbs	5.55	0.0	0.0
224	__ribosome	34.65	0.0	0.0
224	__rnase_site_ext	11.65	0.0	0.0
224	p0	0.85	0.0	0.0
224	p1	0.8	0.0	0.0
224	protein1	790.2	11.15	2.1353728000000003
224	protein2	757.65	10.8	2.2019379
224	protein3	604.9	9.05	2.18360205
224	r1	10.6	0.0	0.0
224	r2	9.1	0.0	0.0
224	rnapol	1.05	0.0	0.0
225	__protein1_rbs	6.8	0.0	0.0
225	__protein2_rbs	6.2	0.0	0.0
225	__protein3_rbs	5.55	0.0	0.0
225	__ribosome	34.85	0.0	0.0
225	__rnase_site_ext	11.75	0.0	0.0
225	p0	0.85	0.0	0.0
225	p1	0.65	0.0	0.0
225	protein1	794.7	11.2	2.09631915
225	protein2	762.1	10.7	2.2388901000000003
225	protein3	608.65	9.3	2.0922618500000003
225	r1	10.55	0.0	0.0
225	r2	9.1	0.0	0.0
225	rnapol	1.0	0.0	0.0
226	__protein1_rbs	6.7	0.0	0.0
226	__protein2_rbs	5.65	0.0	0.0
226	__protein3_rbs	5.2	0.0	0.0
226	__ribosome	35.05	0.0	0.0
226	__rnase_site_ext	11.6	0.0	0.0
226	p0	1.0	0.0	0.0
226	p1	0.6	0.0	0.0
226	protein1	799.7	11.3	2.0736233500000005
226	protein2	766.7	10.6	2.2611234500000004
226	protein3	612.9	9.25	2.04814685
226	r1	10.65	0.0	0.0
226	r2	8.95	0.0	0.0
226	rnapol	1.1	0.0	0.0
227	__protein1_rbs	6.2	0.0	0.0
227	__protein2_rbs	6.6	0.0	0.0
227	__protein3_rbs	6.15	0.0	0.0
227	__ribosome	36.0	0.0	0.0
227	__rnase_site_ext	11.75	0.0	0.0
227	p0	0.8	0.0	0.0
227	p1	0.65	0.0	0.0
227	protein1	804.65	11.25	2.07937675
227	protein2	771.2	10.6	2.21819975
227	protein3	616.5	9.35	2.00277585
227	r1	10.95	0.0	0.0
227	r2	8.95	0.0	0.0
227	rnapol	0.95	0.0	0.0
228	__protein1_rbs	7.0	0.0	0.0
228	__protein2_rbs	5.7	0.0	0.0
228	__protein3_rbs	5.65	0.0	0.0
228	__ribosome	36.05	0.0	0.0
228	__rnase_site_ext	11.75	0.0	0.0
228	p0	0.9	0.0	0.0
228	p1	0.75	0.0	0.0
228	protein1	809.2	11.3	2.0486254499999994
228	protein2	776.1	10.8	2.15605695
228	protein3	619.95	9.3	2.03532385
228	r1	11.1	0.0	0.0
228	r2	8.8	0.0	0.0
228	rnapol	0.9	0.0	0.0
229	__protein1_rbs	7.15	0.0	0.0
229	__protein2_rbs	6.1	0.0	0.0
229	__protein3_rbs	5.4	0.0	0.0
229	__ribosome	35.4	0.0	0.0
229	__rnase_site_ext	11.7	0.0	0.0
229	p0	0.9	0.0	0.0
229	p1	0.85	0.0	0.0
229	protein1	813.15	11.3	2.0726962499999995
229	protein2	780.95	11.1	2.10765205
229	protein3	623.35	9.15	2.13228715
229	r1	11.15	0.0	0.0
229	r2	8.85	0.0	0.0
229	rnapol	0.95	0.0	0.0
230	__protein1_rbs	6.2	0.0	0.0
230	__protein2_rbs	6.3	0.0	0.0
230	__protein3_rbs	5.6	0.0	0.0
230	__ribosome	35.0	0.0	0.0
230	__rnase_site_ext	11.7	0.0	0.0
230	p0	0.95	0.0	0.0
230	p1	0.75	0.0	0.0
230	protein1	817.5	11.45	2.114807
230	protein2	785.6	11.15	2.1182410000000003
230	protein3	627.4	9.15	2.06730165
230	r1	11.15	0.0	0.0
230	r2	8.8	0.0	0.0
230	rnapol	1.2	0.0	0.0
231	__protein1_rbs	7.15	0.0	0.0
231	__protein2_rbs	6.75	0.0	0.0
231	__protein3_rbs	5.0	0.0	0.0
231	__ribosome	36.1	0.0	0.0
231	__rnase_site_ext	11.6	0.0	0.0
231	p0	0.85	0.0	0.0
231	p1	0.7	0.0	0.0
231	protein1	822.4	11.25	2.0595846
231	protein2	790.05	11.15	2.1020526000000004
231	protein3	631.0	9.15	2.11507395
231	r1	11.25	0.0	0.0
231	r2	8.65	0.0	0.0
231	rnapol	1.1	0.0	0.0
232	__protein1_rbs	6.65	0.0	0.0
232	__protein2_rbs	6.35	0.0	0.0
232	__protein3_rbs	5.25	0.0	0.0
232	__ribosome	35.15	0.0	0.0
232	__rnase_site_ext	11.6	0.0	0.0
232	p0	0.95	0.0	0.0
232	p1	0.75	0.0	0.0
232	protein1	827.0	11.2	2.030469
232	protein2	793.65	11.25	2.1843280500000004
232	protein3	634.55	9.0	2.159527550000001
232	r1	11.15	0.0	0.0
232	r2	8.55	0.0	0.0
232	rnapol	1.15	0.0	0.0
233	__protein1_rbs	6.25	0.0	0.0
233	__protein2_rbs	6.7	0.0	0.0
233	__protein3_rbs	4.75	0.0	0.0
233	__ribosome	34.9	0.0	0.0
233	__rnase_site_ext	11.7	0.0	0.0
233	p0	0.9	0.0	0.0
233	p1	0.95	0.0	0.0
233	protein1	831.9	11.2	2.02720805
233	protein2	798.45	11.35	2.1403863000000003
233	protein3	638.15	8.9	2.1992706
233	r1	11.25	0.0	0.0
233	r2	8.65	0.0	0.0
233	rnapol	1.2	0.0	0.0
234	__protein1_rbs	6.4	0.0	0.0
234	__protein2_rbs	6.8	0.0	0.0
234	__protein3_rbs	4.55	0.0	0.0
234	__ribosome	34.0	0.0	0.0
234	__rnase_site_ext	11.65	0.0	0.0
234	p0	0.95	0.0	0.0
234	p1	0.85	0.0	0.0
234	protein1	836.2	11.3	2.05316885
234	protein2	803.15	11.2	2.1844576
234	protein3	641.85	8.85	2.29743625
234	r1	11.1	0.0	0.0
234	r2	8.75	0.0	0.0
234	rnapol	1.15	0.0	0.0
235	__protein1_rbs	6.2	0.0	0.0
235	__protein2_rbs	6.65	0.0	0.0
235	__protein3_rbs	5.0	0.0	0.0
235	__ribosome	34.05	0.0	0.0
235	__rnase_site_ext	11.6	0.0	0.0
235	p0	0.9	0.0	0.0
235	p1	0.7	0.0	0.0
235	protein1	840.55	11.25	2.11031175
235	protein2	808.25	11.25	2.11487665
235	protein3	645.6	8.9	2.2727556
235	r1	10.9	0.0	0.0
235	r2	8.8	0.0	0.0
235	rnapol	1.15	0.0	0.0
236	__protein1_rbs	6.85	0.0	0.0
236	__protein2_rbs	6.05	0.0	0.0
236	__protein3_rbs	5.15	0.0	0.0
236	__ribosome	33.2	0.0	0.0
236	__rnase_site_ext	11.7	0.0	0.0
236	p0	0.95	0.0	0.0
236	p1	0.8	0.0	0.0
236	protein1	844.9	11.3	2.0706999
236	protein2	812.2	11.15	2.2059932000000004
236	protein3	648.8	8.9	2.3142561500000003
236	r1	10.95	0.0	0.0
236	r2	8.85	0.0	0.0
236	rnapol	1.15	0.0	0.0
237	__protein1_rbs	6.55	0.0	0.0
237	__protein2_rbs	6.6	0.0	0.0
237	__protein3_rbs	5.45	0.0	0.0
237	__ribosome	34.4	0.0	0.0
237	__rnase_site_ext	11.4	0.0	0.0
237	p0	1.0	0.0	0.0
237	p1	0.9	0.0	0.0
237	protein1	849.15	11.25	2.1105747000000004
237	protein2	817.2	11.0	2.1453763500000003
237	protein3	653.25	8.95	2.23365075
237	r1	10.95	0.0	0.0
237	r2	8.8	0.0	0.0
237	rnapol	1.35	0.0	0.0
238	__protein1_rbs	6.1	0.0	0.0
238	__protein2_rbs	6.8	0.0	0.0
238	__protein3_rbs	5.3	0.0	0.0
238	__ribosome	34.75	0.0	0.0
238	__rnase_site_ext	11.4	0.0	0.0
238	p0	0.95	0.0	0.0
238	p1	0.8	0.0	0.0
238	protein1	853.65	11.1	2.1752345
238	protein2	822.05	11.1	2.0391711000000003
238	protein3	656.85	9.0	2.2310714500000004
238	r1	10.95	0.0	0.0
238	r2	8.95	0.0	0.0
238	rnapol	1.3	0.0	0.0
239	__protein1_rbs	6.7	0.0	0.0
239	__protein2_rbs	6.2	0.0	0.0
239	__protein3_rbs	5.2	0.0	0.0
239	__ribosome	35.55	0.0	0.0
239	__rnase_site_ext	11.4	0.0	0.0
239	p0	0.9	0.0	0.0
239	p1	0.9	0.0	0.0
239	protein1	858.75	10.95	2.12637625
239	protein2	826.4	11.0	2.1118747000000004
239	protein3	661.05	9.0	2.1731738999999997
239	r1	11.1	0.0	0.0
239	r2	8.9	0.0	0.0
239	rnapol	1.2	0.0	0.0
240	__protein1_rbs	6.55	0.0	0.0
240	__protein2_rbs	6.45	0.0	0.0
240	__protein3_rbs	4.5	0.0	0.0
240	__ribosome	36.0	0.0	0.0
240	__rnase_site_ext	11.35	0.0	0.0
240	p0	1.0	0.0	0.0
240	p1	0.85	0.0	0.0
240	protein1	863.6	11.0	2.06984665
240	protein2	831.3	11.05	2.0740488999999998
240	protein3	664.85	9.0	2.1981800500000004
240	r1	11.05	0.0	0.0
240	r2	9.15	0.0	0.0
240	rnapol	1.25	0.0	0.0
241	__protein1_rbs	6.35	0.0	0.0
241	__protein2_rbs	6.1	0.0	0.0
241	__protein3_rbs	5.55	0.0	0.0
241	__ribosome	34.35	0.0	0.0
241	__rnase_site_ext	11.35	0.0	0.0
241	p0	1.0	0.0	0.0
241	p1	0.85	0.0	0.0
241	protein1	867.25	10.95	2.1615115
241	protein2	835.35	11.1	2.15073405
241	protein3	668.4	9.1	2.1327598999999995
241	r1	11.05	0.0	0.0
241	r2	9.05	0.0	0.0
241	rnapol	1.35	0.0	0.0
242	__protein1_rbs	6.25	0.0	0.0
242	__protein2_rbs	6.15	0.0	0.0
242	__protein3_rbs	5.6	0.0	0.0
242	__ribosome	34.5	0.0	0.0
242	__rnase_site_ext	11.3	0.0	0.0
242	p0	0.9	0.0	0.0
242	p1	0.9	0.0	0.0
242	protein1	872.35	10.95	2.12375
242	protein2	839.85	11.1	2.1522537
242	protein3	671.9	9.1	2.1346321500000003
242	r1	11.1	0.0	0.0
242	r2	9.15	0.0	0.0
242	rnapol	1.55	0.0	0.0
243	__protein1_rbs	6.05	0.0	0.0
243	__protein2_rbs	7.5	0.0	0.0
243	__protein3_rbs	5.35	0.0	0.0
243	__ribosome	34.95	0.0	0.0
243	__rnase_site_ext	11.3	0.0	0.0
243	p0	0.85	0.0	0.0
243	p1	0.85	0.0	0.0
243	protein1	877.0	10.9	2.1267549999999997
243	protein2	844.3	11.1	2.1141349
243	protein3	675.65	9.15	2.1473837499999995
243	r1	11.05	0.0	0.0
243	r2	9.05	0.0	0.0
243	rnapol	1.5	0.0	0.0
244	__protein1_rbs	6.15	0.0	0.0
244	__protein2_rbs	5.9	0.0	0.0
244	__protein3_rbs	5.6	0.0	0.0
244	__ribosome	34.55	0.0	0.0
244	__rnase_site_ext	11.1	0.0	0.0
244	p0	0.9	0.0	0.0
244	p1	0.95	0.0	0.0
244	protein1	881.1	10.8	2.15941015
244	protein2	848.6	11.1	2.18429075
244	protein3	679.75	9.25	2.0458006
244	r1	11.15	0.0	0.0
244	r2	9.1	0.0	0.0
244	rnapol	1.65	0.0	0.0
245	__protein1_rbs	6.25	0.0	0.0
245	__protein2_rbs	6.0	0.0	0.0
245	__protein3_rbs	5.75	0.0	0.0
245	__ribosome	35.9	0.0	0.0
245	__rnase_site_ext	11.15	0.0	0.0
245	p0	0.85	0.0	0.0
245	p1	0.85	0.0	0.0
245	protein1	885.8	10.8	2.1150962000000004
245	protein2	853.65	11.1	2.17848525
245	protein3	684.3	9.25	1.9982419499999995
245	r1	11.0	0.0	0.0
245	r2	9.05	0.0	0.0
245	rnapol	1.55	0.0	0.0
246	__protein1_rbs	6.25	0.0	0.0
246	__protein2_rbs	6.35	0.0	0.0
246	__protein3_rbs	5.05	0.0	0.0
246	__ribosome	34.3	0.0	0.0
246	__rnase_site_ext	11.3	0.0	0.0
246	p0	0.9	0.0	0.0
246	p1	0.9	0.0	0.0
246	protein1	890.15	10.8	2.15780145
246	protein2	858.4	11.1	2.1832626000000004
246	protein3	687.3	9.4	2.0866791
246	r1	11.0	0.0	0.0
246	r2	8.95	0.0	0.0
246	rnapol	1.65	0.0	0.0
247	__protein1_rbs	6.45	0.0	0.0
247	__protein2_rbs	6.4	0.0	0.0
247	__protein3_rbs	5.9	0.0	0.0
247	__ribosome	35.6	0.0	0.0
247	__rnase_site_ext	11.45	0.0	0.0
247	p0	0.8	0.0	0.0
247	p1	0.9	0.0	0.0
247	protein1	895.2	10.85	2.0302816000000004
247	protein2	862.8	11.05	2.21551145
247	protein3	691.15	9.2	2.16595065
247	r1	11.05	0.0	0.0
247	r2	8.9	0.0	0.0
247	rnapol	1.4	0.0	0.0
248	__protein1_rbs	6.55	0.0	0.0
248	__protein2_rbs	7.1	0.0	0.0
248	__protein3_rbs	6.05	0.0	0.0
248	__ribosome	35.8	0.0	0.0
248	__rnase_site_ext	11.6	0.0	0.0
248	p0	0.9	0.0	0.0
248	p1	0.95	0.0	0.0
248	protein1	899.35	10.95	2.0336698499999994
248	protein2	867.1	11.05	2.20002735
248	protein3	694.55	9.3	2.1033798
248	r1	10.9	0.0	0.0
248	r2	8.75	0.0	0.0
248	rnapol	1.3	0.0	0.0
249	__protein1_rbs	6.85	0.0	0.0
249	__protein2_rbs	6.0	0.0	0.0
249	__protein3_rbs	5.15	0.0	0.0
249	__ribosome	35.35	0.0	0.0
249	__rnase_site_ext	11.55	0.0	0.0
249	p0	0.95	0.0	0.0
249	p1	0.9	0.0	0.0
249	protein1	903.15	11.15	2.0442106000000004
249	protein2	872.7	11.05	2.14355945
249	protein3	698.25	9.2	2.1442794
249	r1	10.85	0.0	0.0
249	r2	8.9	0.0	0.0
249	rnapol	1.45	0.0	0.0
250	__protein1_rbs	6.0	0.0	0.0
250	__protein2_rbs	6.75	0.0	0.0
250	__protein3_rbs	5.15	0.0	0.0
250	__ribosome	35.85	0.0	0.0
250	__rnase_site_ext	11.6	0.0	0.0
250	p0	0.75	0.0	0.0
250	p1	0.75	0.0	0.0
250	protein1	907.6	11.25	2.07513605
250	protein2	877.5	10.85	2.1250311500000008
250	protein3	702.4	9.05	2.0893848500000005
250	r1	10.8	0.0	0.0
250	r2	8.7	0.0	0.0
250	rnapol	1.3	0.0	0.0
